[[5 0 0 0 0 0 0 0 0 0 0 0]
 [0 0 0 0 0 0 0 0 0 0 0 0]
 [0 0 0 0 1 1 0 0 1 0 0 2]
 [0 0 0 1 2 2 0 1 0 0 0 1]
 [0 0 0 0 2 1 0 0 0 1 0 3]
 [0 0 0 1 0 1 0 0 1 0 0 2]
 [0 0 0 0 1 1 0 0 1 0 0 2]
 [0 0 0 0 3 1 0 0 0 0 0 1]
 [0 0 0 0 1 0 0 0 0 1 0 1]
 [0 0 1 0 2 0 0 0 1 0 0 1]
 [0 0 0 0 0 0 0 1 0 0 0 2]
 [0 0 0 0 1 0 0 0 1 0 0 2]]
400   20.4    54
[[5 0 0 0 0 0 0 0 0 0 0 0]
 [0 0 0 0 0 0 0 0 0 0 0 0]
 [0 0 3 0 0 0 1 0 1 0 0 0]
 [0 0 2 1 1 0 0 1 1 1 0 0]
 [0 0 1 0 1 0 0 1 0 1 0 3]
 [0 0 2 0 0 0 1 0 2 0 0 0]
 [0 0 1 0 0 0 1 0 1 1 0 1]
 [0 0 1 0 1 0 0 0 0 2 0 1]
 [0 0 0 0 1 0 2 0 0 0 0 0]
 [0 0 0 0 1 0 0 1 2 0 0 1]
 [0 0 0 0 0 0 0 1 0 0 0 2]
 [0 0 0 0 0 0 0 1 1 1 0 1]]
800   22.2    54
[[5 0 0 0 0 0 0 0 0 0 0 0]
 [0 0 0 0 0 0 0 0 0 0 0 0]
 [0 0 1 0 0 3 1 0 0 0 0 0]
 [0 0 0 2 1 1 0 0 1 1 1 0]
 [0 0 1 0 1 0 0 0 0 2 0 3]
 [0 0 1 0 0 3 1 0 0 0 0 0]
 [0 0 2 0 0 0 2 0 0 0 0 1]
 [0 0 1 0 0 0 0 0 0 3 0 1]
 [0 0 0 0 0 0 2 0 1 0 0 0]
 [0 0 0 0 0 0 0 1 1 1 1 1]
 [0 0 0 0 0 1 0 1 1 0 0 0]
 [0 0 0 0 0 0 0 1 1 1 0 1]]
1200   31.5    54
[[5 0 0 0 0 0 0 0 0 0 0 0]
 [0 0 0 0 0 0 0 0 0 0 0 0]
 [0 0 1 0 0 2 1 0 0 0 0 1]
 [0 0 0 1 1 0 0 0 1 1 2 1]
 [0 0 1 0 2 0 0 0 1 1 0 2]
 [0 0 2 0 0 2 1 0 0 0 0 0]
 [0 0 1 1 0 1 2 0 0 0 0 0]
 [0 0 1 0 0 0 1 0 0 2 0 1]
 [0 0 0 0 0 0 2 0 1 0 0 0]
 [0 0 0 0 0 0 0 1 1 1 1 1]
 [0 0 0 0 0 1 0 0 1 0 1 0]
 [0 0 0 0 1 0 0 0 1 1 0 1]]
1600   31.5    54
[[5 0 0 0 0 0 0 0 0 0 0 0]
 [0 0 0 0 0 0 0 0 0 0 0 0]
 [0 0 1 0 0 3 1 0 0 0 0 0]
 [0 0 0 2 1 1 0 0 1 0 1 1]
 [0 0 1 1 3 0 1 0 0 0 0 1]
 [0 0 2 0 0 1 1 0 0 0 1 0]
 [0 0 1 1 0 1 2 0 0 0 0 0]
 [0 0 1 0 0 0 1 1 0 2 0 0]
 [0 0 0 0 0 0 2 0 1 0 0 0]
 [0 0 0 1 0 0 0 1 1 1 1 0]
 [0 0 0 0 0 1 0 0 0 0 2 0]
 [0 0 0 0 1 0 0 0 1 1 0 1]]
2000   37.0    54
[[5 0 0 0 0 0 0 0 0 0 0 0]
 [0 0 0 0 0 0 0 0 0 0 0 0]
 [0 0 1 0 0 3 1 0 0 0 0 0]
 [0 0 0 3 0 1 0 0 1 0 1 1]
 [0 0 0 1 3 1 0 0 1 0 0 1]
 [0 0 1 0 0 3 1 0 0 0 0 0]
 [0 0 0 1 0 2 2 0 0 0 0 0]
 [0 0 0 0 0 1 0 1 0 2 0 1]
 [0 0 0 0 0 0 1 0 2 0 0 0]
 [0 0 0 1 0 0 0 3 0 0 1 0]
 [0 0 0 0 0 1 0 0 0 0 2 0]
 [0 0 0 0 1 0 1 0 0 0 0 2]]
2400   44.4    54
[[5 0 0 0 0 0 0 0 0 0 0 0]
 [0 0 0 0 0 0 0 0 0 0 0 0]
 [0 0 1 0 0 2 1 0 0 0 0 1]
 [0 0 0 2 1 0 0 0 0 1 2 1]
 [0 0 0 1 5 0 0 0 0 0 1 0]
 [0 0 1 0 0 2 1 0 0 0 1 0]
 [0 0 1 1 0 1 2 0 0 0 0 0]
 [0 0 0 0 0 0 0 0 0 3 1 1]
 [0 0 0 0 0 0 1 0 2 0 0 0]
 [0 0 0 0 0 0 0 2 0 2 1 0]
 [0 0 0 0 0 0 0 0 0 0 3 0]
 [0 0 0 0 1 0 0 0 0 1 0 2]]
2800   48.1    54
[[5 0 0 0 0 0 0 0 0 0 0 0]
 [0 0 0 0 0 0 0 0 0 0 0 0]
 [0 0 1 0 0 3 0 0 0 0 0 1]
 [0 0 1 2 1 0 0 0 0 1 1 1]
 [0 0 1 0 6 0 0 0 0 0 0 0]
 [0 0 2 0 0 2 1 0 0 0 0 0]
 [0 0 1 1 0 1 2 0 0 0 0 0]
 [0 0 0 0 0 0 0 0 0 3 1 1]
 [0 0 0 0 0 0 1 0 2 0 0 0]
 [0 0 0 0 0 0 0 2 0 2 1 0]
 [0 0 0 0 0 1 0 0 0 0 2 0]
 [0 0 0 0 1 0 0 0 0 1 0 2]]
3200   48.1    54
[[5 0 0 0 0 0 0 0 0 0 0 0]
 [0 0 0 0 0 0 0 0 0 0 0 0]
 [0 0 1 0 0 3 1 0 0 0 0 0]
 [0 0 1 2 1 0 0 0 0 1 1 1]
 [0 0 0 1 4 0 0 0 1 0 1 0]
 [0 0 2 0 0 2 1 0 0 0 0 0]
 [0 0 1 1 0 0 2 0 0 1 0 0]
 [0 0 0 0 0 0 0 0 0 3 1 1]
 [0 0 0 0 0 0 1 0 2 0 0 0]
 [0 0 0 0 0 0 0 2 0 2 1 0]
 [0 0 0 0 0 0 0 0 0 0 3 0]
 [0 0 0 0 1 0 0 0 0 1 0 2]]
3600   46.3    54
[[5 0 0 0 0 0 0 0 0 0 0 0]
 [0 0 0 0 0 0 0 0 0 0 0 0]
 [0 0 1 0 0 3 1 0 0 0 0 0]
 [0 0 2 2 1 0 0 0 0 1 0 1]
 [0 0 0 1 5 0 0 0 0 0 1 0]
 [0 0 2 0 0 2 1 0 0 0 0 0]
 [0 0 1 1 0 0 2 0 0 1 0 0]
 [0 0 0 0 0 0 0 0 0 3 1 1]
 [0 0 0 0 0 0 1 0 2 0 0 0]
 [0 0 0 0 0 0 0 3 0 2 0 0]
 [0 0 0 0 0 0 0 0 0 0 3 0]
 [0 0 0 0 1 0 1 0 0 0 0 2]]
4000   48.1    54
[[5 0 0 0 0 0 0 0 0 0 0 0]
 [0 0 0 0 0 0 0 0 0 0 0 0]
 [0 0 1 0 0 2 1 0 0 0 0 1]
 [0 0 2 2 1 0 0 0 0 1 0 1]
 [0 0 0 1 4 0 0 0 1 0 1 0]
 [0 0 2 0 0 2 1 0 0 0 0 0]
 [0 0 1 1 0 0 2 0 0 1 0 0]
 [0 0 0 0 0 0 0 0 0 3 1 1]
 [0 0 0 0 0 0 1 0 2 0 0 0]
 [0 0 0 0 0 0 0 2 0 3 0 0]
 [0 0 0 0 0 0 0 0 0 0 3 0]
 [0 0 0 0 1 0 0 0 0 1 0 2]]
4400   48.1    54
[[5 0 0 0 0 0 0 0 0 0 0 0]
 [0 0 0 0 0 0 0 0 0 0 0 0]
 [0 0 1 0 0 3 1 0 0 0 0 0]
 [0 0 1 3 1 0 0 0 0 1 1 0]
 [0 0 0 0 5 0 0 0 1 0 1 0]
 [0 0 1 0 0 3 1 0 0 0 0 0]
 [0 0 1 1 0 0 2 0 0 1 0 0]
 [0 0 0 0 0 0 0 0 0 3 1 1]
 [0 0 0 0 0 0 1 0 2 0 0 0]
 [0 0 0 0 0 0 0 2 0 3 0 0]
 [0 0 0 0 0 0 0 0 0 0 3 0]
 [0 0 0 0 1 0 1 0 0 0 0 2]]
4800   53.7    54
[[5 0 0 0 0 0 0 0 0 0 0 0]
 [0 0 0 0 0 0 0 0 0 0 0 0]
 [0 0 1 0 0 4 0 0 0 0 0 0]
 [0 0 2 3 1 0 0 0 0 1 0 0]
 [0 0 0 1 4 0 0 0 1 0 1 0]
 [0 0 1 0 0 3 1 0 0 0 0 0]
 [0 0 1 1 0 0 2 0 0 1 0 0]
 [0 0 0 0 0 0 0 0 0 3 1 1]
 [0 0 0 0 0 0 0 0 3 0 0 0]
 [0 0 0 0 0 0 0 2 0 3 0 0]
 [0 0 0 0 0 0 0 0 0 0 3 0]
 [0 0 0 0 1 0 1 0 0 0 0 2]]
5200   53.7    54
[[5 0 0 0 0 0 0 0 0 0 0 0]
 [0 0 0 0 0 0 0 0 0 0 0 0]
 [0 0 1 0 0 3 1 0 0 0 0 0]
 [0 0 1 3 1 1 0 0 0 1 0 0]
 [0 0 0 0 5 0 0 0 1 0 1 0]
 [0 0 1 0 0 3 1 0 0 0 0 0]
 [0 0 1 1 0 0 2 0 0 1 0 0]
 [0 0 0 0 0 0 0 1 0 2 1 1]
 [0 0 0 0 0 0 0 0 3 0 0 0]
 [0 0 0 0 0 0 0 3 0 2 0 0]
 [0 0 0 0 0 0 0 0 0 0 3 0]
 [0 0 0 0 1 0 1 0 0 0 0 2]]
5600   55.6    54
[[5 0 0 0 0 0 0 0 0 0 0 0]
 [0 0 0 0 0 0 0 0 0 0 0 0]
 [0 0 1 0 0 3 1 0 0 0 0 0]
 [0 0 1 2 1 0 0 0 0 2 0 1]
 [0 0 0 0 5 0 0 0 1 0 1 0]
 [0 0 1 0 0 3 1 0 0 0 0 0]
 [0 0 1 0 0 0 3 0 0 1 0 0]
 [0 0 0 0 0 0 0 1 0 2 1 1]
 [0 0 0 0 0 0 0 0 3 0 0 0]
 [0 0 0 0 0 0 0 2 0 3 0 0]
 [0 0 0 0 0 1 0 0 0 0 2 0]
 [0 0 0 0 1 0 1 0 0 0 0 2]]
6000   55.6    54
[[5 0 0 0 0 0 0 0 0 0 0 0]
 [0 0 0 0 0 0 0 0 0 0 0 0]
 [0 0 1 0 0 3 1 0 0 0 0 0]
 [0 0 1 3 2 0 0 0 0 1 0 0]
 [0 0 0 1 3 0 0 0 1 0 2 0]
 [0 0 1 0 0 3 1 0 0 0 0 0]
 [0 0 1 1 0 0 2 0 0 1 0 0]
 [0 0 0 1 0 0 0 0 0 2 1 1]
 [0 0 0 0 0 0 0 0 3 0 0 0]
 [0 0 0 0 0 0 0 3 0 2 0 0]
 [0 0 0 0 0 0 0 0 0 0 3 0]
 [0 0 0 0 1 0 1 0 0 0 0 2]]
6400   50.0    54
[[5 0 0 0 0 0 0 0 0 0 0 0]
 [0 0 0 0 0 0 0 0 0 0 0 0]
 [0 0 2 0 0 3 0 0 0 0 0 0]
 [0 0 2 3 1 0 0 0 0 1 0 0]
 [0 0 0 1 4 0 0 0 1 0 1 0]
 [0 0 1 0 0 3 1 0 0 0 0 0]
 [0 0 1 0 0 0 3 0 0 1 0 0]
 [0 0 0 0 0 0 0 1 0 2 1 1]
 [0 0 0 0 0 0 0 0 3 0 0 0]
 [0 0 0 0 0 0 0 3 0 2 0 0]
 [0 0 0 0 0 0 0 0 0 0 3 0]
 [0 0 0 0 1 0 1 0 0 0 0 2]]
6800   57.4    54
[[5 0 0 0 0 0 0 0 0 0 0 0]
 [0 0 0 0 0 0 0 0 0 0 0 0]
 [0 0 2 0 0 2 1 0 0 0 0 0]
 [0 0 1 3 2 0 0 0 0 1 0 0]
 [0 0 0 0 5 0 0 0 1 0 1 0]
 [0 0 1 0 0 3 1 0 0 0 0 0]
 [0 0 1 0 0 0 3 0 0 1 0 0]
 [0 0 0 0 0 0 0 1 0 2 1 1]
 [0 0 0 0 0 0 0 0 3 0 0 0]
 [0 0 0 0 0 0 0 2 0 3 0 0]
 [0 0 0 0 0 0 0 0 0 0 3 0]
 [0 0 0 0 1 0 1 0 0 0 0 2]]
7200   61.1    54
[[5 0 0 0 0 0 0 0 0 0 0 0]
 [0 0 0 0 0 0 0 0 0 0 0 0]
 [0 0 2 0 0 2 1 0 0 0 0 0]
 [0 0 0 3 2 0 0 0 0 2 0 0]
 [0 0 0 0 5 0 0 0 1 0 1 0]
 [0 0 1 0 0 3 1 0 0 0 0 0]
 [0 0 1 1 0 0 2 0 0 1 0 0]
 [0 0 0 0 0 0 0 1 0 2 1 1]
 [0 0 0 0 0 0 0 0 3 0 0 0]
 [0 0 0 0 0 0 0 2 0 3 0 0]
 [0 0 0 0 0 0 0 0 0 0 3 0]
 [0 0 0 0 1 0 1 0 0 0 0 2]]
7600   59.3    54
[[5 0 0 0 0 0 0 0 0 0 0 0]
 [0 0 0 0 0 0 0 0 0 0 0 0]
 [0 0 1 1 0 3 0 0 0 0 0 0]
 [0 0 0 3 2 0 0 0 0 2 0 0]
 [0 0 0 0 4 0 0 0 1 0 2 0]
 [0 0 1 0 0 3 1 0 0 0 0 0]
 [0 0 1 1 0 0 2 0 0 1 0 0]
 [0 0 0 0 0 0 0 1 0 2 1 1]
 [0 0 0 0 0 0 0 0 3 0 0 0]
 [0 0 0 0 0 0 0 3 0 2 0 0]
 [0 0 0 0 0 0 0 0 0 0 3 0]
 [0 0 0 0 1 0 1 0 0 0 0 2]]
8000   53.7    54
[[5 0 0 0 0 0 0 0 0 0 0 0]
 [0 0 0 0 0 0 0 0 0 0 0 0]
 [0 0 1 1 0 3 0 0 0 0 0 0]
 [0 0 0 3 2 0 0 0 0 2 0 0]
 [0 0 0 1 4 0 0 0 1 0 1 0]
 [0 0 1 0 0 3 1 0 0 0 0 0]
 [0 0 1 1 0 0 2 0 0 1 0 0]
 [0 0 0 0 0 0 0 1 0 2 1 1]
 [0 0 0 0 0 0 0 0 3 0 0 0]
 [0 0 0 0 0 0 0 3 0 2 0 0]
 [0 0 0 0 0 0 0 0 0 0 3 0]
 [0 0 0 0 1 0 1 0 0 0 0 2]]
8400   53.7    54
[[5 0 0 0 0 0 0 0 0 0 0 0]
 [0 0 0 0 0 0 0 0 0 0 0 0]
 [0 0 1 1 0 3 0 0 0 0 0 0]
 [0 0 0 3 2 0 0 0 0 1 0 1]
 [0 0 0 1 3 0 0 1 1 0 1 0]
 [0 0 1 0 0 3 1 0 0 0 0 0]
 [0 0 1 1 0 0 2 0 0 1 0 0]
 [0 0 0 0 0 0 0 1 0 2 1 1]
 [0 0 0 0 0 0 0 0 3 0 0 0]
 [0 0 0 0 0 0 0 3 0 2 0 0]
 [0 0 0 0 0 0 0 0 0 0 3 0]
 [0 0 0 0 1 0 1 0 0 0 0 2]]
8800   51.9    54
[[5 0 0 0 0 0 0 0 0 0 0 0]
 [0 0 0 0 0 0 0 0 0 0 0 0]
 [0 0 1 1 0 3 0 0 0 0 0 0]
 [0 0 0 3 2 0 0 0 0 2 0 0]
 [0 0 0 0 4 0 0 1 1 0 1 0]
 [0 0 0 0 0 4 1 0 0 0 0 0]
 [0 0 1 1 0 0 3 0 0 0 0 0]
 [0 0 0 0 0 0 0 1 0 2 1 1]
 [0 0 0 0 0 0 0 0 3 0 0 0]
 [0 0 0 1 0 0 0 1 0 3 0 0]
 [0 0 0 0 0 0 0 0 0 0 3 0]
 [0 0 0 0 1 0 1 0 0 0 0 2]]
9200   59.3    54
[[5 0 0 0 0 0 0 0 0 0 0 0]
 [0 0 0 0 0 0 0 0 0 0 0 0]
 [0 0 1 1 0 3 0 0 0 0 0 0]
 [0 0 0 3 2 0 0 0 0 2 0 0]
 [0 0 0 1 3 0 0 1 1 0 1 0]
 [0 0 0 0 0 4 1 0 0 0 0 0]
 [0 0 1 1 0 0 3 0 0 0 0 0]
 [0 0 0 0 0 0 0 1 0 2 1 1]
 [0 0 0 0 0 0 0 0 3 0 0 0]
 [0 0 0 1 0 0 0 1 0 3 0 0]
 [0 0 0 0 0 0 0 0 0 0 3 0]
 [0 0 0 0 1 0 1 0 0 0 0 2]]
9600   57.4    54
[[5 0 0 0 0 0 0 0 0 0 0 0]
 [0 0 0 0 0 0 0 0 0 0 0 0]
 [0 0 1 1 0 3 0 0 0 0 0 0]
 [0 0 0 3 2 0 0 0 0 2 0 0]
 [0 0 0 0 4 0 0 0 1 0 2 0]
 [0 0 0 0 0 4 1 0 0 0 0 0]
 [0 0 1 1 0 0 2 0 0 1 0 0]
 [0 0 0 0 0 0 0 1 0 2 1 1]
 [0 0 0 0 0 0 0 0 3 0 0 0]
 [0 0 0 1 0 0 0 2 0 2 0 0]
 [0 0 0 0 0 0 0 0 0 0 3 0]
 [0 0 0 0 1 0 1 0 0 0 0 2]]
10000   55.6    54
[[5 0 0 0 0 0 0 0 0 0 0 0]
 [0 0 0 0 0 0 0 0 0 0 0 0]
 [0 0 1 0 0 3 1 0 0 0 0 0]
 [0 0 1 3 2 0 0 0 0 1 0 0]
 [0 0 0 1 3 0 0 1 1 0 1 0]
 [0 0 1 0 0 3 1 0 0 0 0 0]
 [0 0 1 1 0 0 2 0 0 1 0 0]
 [0 0 0 0 0 0 0 1 0 2 1 1]
 [0 0 0 0 0 0 0 0 3 0 0 0]
 [0 0 0 1 0 0 0 2 0 2 0 0]
 [0 0 0 0 0 0 0 0 0 0 2 1]
 [0 0 0 0 1 0 1 0 0 0 0 2]]
10400   50.0    54
[[4 0 0 1 0 0 0 0 0 0 0 0]
 [0 0 0 0 0 0 0 0 0 0 0 0]
 [0 0 1 1 0 3 0 0 0 0 0 0]
 [0 0 0 3 2 0 0 0 0 2 0 0]
 [0 0 0 0 4 0 0 1 1 0 1 0]
 [0 0 1 0 0 3 1 0 0 0 0 0]
 [0 0 1 1 0 0 3 0 0 0 0 0]
 [0 0 0 0 0 0 0 1 0 2 1 1]
 [0 0 0 0 0 0 0 0 3 0 0 0]
 [0 0 0 0 0 0 0 3 0 2 0 0]
 [0 0 0 0 0 0 0 0 0 0 3 0]
 [0 0 0 0 1 0 1 0 0 0 0 2]]
10800   53.7    54
[[5 0 0 0 0 0 0 0 0 0 0 0]
 [0 0 0 0 0 0 0 0 0 0 0 0]
 [0 0 1 1 0 3 0 0 0 0 0 0]
 [0 0 0 3 2 0 0 0 0 2 0 0]
 [0 0 0 0 4 0 0 1 1 0 1 0]
 [0 0 1 0 0 3 1 0 0 0 0 0]
 [0 0 1 1 0 0 3 0 0 0 0 0]
 [0 0 0 0 0 0 0 1 0 2 1 1]
 [0 0 0 0 0 0 0 0 3 0 0 0]
 [0 0 0 1 0 0 0 2 0 2 0 0]
 [0 0 0 0 0 0 0 0 0 0 3 0]
 [0 0 0 0 1 0 1 0 0 0 0 2]]
11200   55.6    54
[[5 0 0 0 0 0 0 0 0 0 0 0]
 [0 0 0 0 0 0 0 0 0 0 0 0]
 [0 0 2 0 0 2 1 0 0 0 0 0]
 [0 0 0 3 2 0 0 0 0 2 0 0]
 [0 0 0 1 3 0 0 0 1 0 2 0]
 [0 0 0 0 0 4 1 0 0 0 0 0]
 [0 0 1 1 0 0 3 0 0 0 0 0]
 [0 0 0 0 0 0 0 1 0 2 1 1]
 [0 0 0 0 0 0 0 0 3 0 0 0]
 [0 0 0 1 0 0 0 2 0 2 0 0]
 [0 0 0 0 0 0 0 0 0 0 3 0]
 [0 0 0 0 1 0 1 0 0 0 0 2]]
11600   57.4    54
[[5 0 0 0 0 0 0 0 0 0 0 0]
 [0 0 0 0 0 0 0 0 0 0 0 0]
 [0 0 1 1 0 3 0 0 0 0 0 0]
 [0 0 0 3 2 0 0 0 0 2 0 0]
 [0 0 0 1 3 0 0 0 1 0 2 0]
 [0 0 0 0 0 4 1 0 0 0 0 0]
 [0 0 1 1 0 0 3 0 0 0 0 0]
 [0 0 0 0 0 0 0 1 0 2 1 1]
 [0 0 0 0 0 0 0 0 3 0 0 0]
 [0 0 0 1 0 0 0 2 0 2 0 0]
 [0 0 0 0 0 0 0 0 0 0 2 1]
 [0 0 0 0 1 0 1 0 0 0 0 2]]
12000   53.7    54
[[5 0 0 0 0 0 0 0 0 0 0 0]
 [0 0 0 0 0 0 0 0 0 0 0 0]
 [0 0 1 1 0 3 0 0 0 0 0 0]
 [0 0 0 3 2 0 0 0 0 2 0 0]
 [0 0 0 1 3 0 0 0 1 0 2 0]
 [0 0 0 0 0 4 1 0 0 0 0 0]
 [0 0 1 1 0 0 2 0 0 1 0 0]
 [0 0 0 0 0 0 0 1 0 2 1 1]
 [0 0 0 0 0 0 0 0 3 0 0 0]
 [0 0 0 1 0 0 0 2 0 2 0 0]
 [0 0 0 0 0 0 0 0 0 0 3 0]
 [0 0 0 0 1 0 1 0 0 0 0 2]]
12400   53.7    54
[[5 0 0 0 0 0 0 0 0 0 0 0]
 [0 0 0 0 0 0 0 0 0 0 0 0]
 [0 0 1 0 0 3 1 0 0 0 0 0]
 [0 0 0 3 2 0 0 0 0 2 0 0]
 [0 0 0 0 4 0 0 0 1 0 2 0]
 [0 0 0 0 0 4 1 0 0 0 0 0]
 [0 0 1 1 0 0 3 0 0 0 0 0]
 [0 0 0 0 0 0 0 1 0 2 1 1]
 [0 0 0 0 0 0 0 0 3 0 0 0]
 [0 0 0 1 0 0 0 2 0 2 0 0]
 [0 0 0 0 0 0 0 0 0 0 3 0]
 [0 0 0 0 1 0 1 0 0 0 0 2]]
12800   57.4    54
[[5 0 0 0 0 0 0 0 0 0 0 0]
 [0 0 0 0 0 0 0 0 0 0 0 0]
 [0 0 1 1 0 3 0 0 0 0 0 0]
 [0 0 0 3 2 0 0 0 0 2 0 0]
 [0 0 0 1 3 0 0 0 1 0 2 0]
 [0 0 0 0 0 4 1 0 0 0 0 0]
 [0 0 1 1 0 0 3 0 0 0 0 0]
 [0 0 0 0 0 0 0 1 0 2 1 1]
 [0 0 0 0 0 0 0 0 3 0 0 0]
 [0 0 0 1 0 0 0 2 0 2 0 0]
 [0 0 0 0 0 0 0 0 0 0 3 0]
 [0 0 0 0 1 0 1 0 0 0 0 2]]
13200   55.6    54
[[5 0 0 0 0 0 0 0 0 0 0 0]
 [0 0 0 0 0 0 0 0 0 0 0 0]
 [0 0 1 1 0 3 0 0 0 0 0 0]
 [0 0 0 3 2 0 0 0 0 2 0 0]
 [0 0 0 0 4 0 0 0 1 0 2 0]
 [0 0 0 0 0 4 1 0 0 0 0 0]
 [0 0 1 1 0 0 3 0 0 0 0 0]
 [0 0 0 0 0 0 0 1 0 2 1 1]
 [0 0 0 0 0 0 0 0 3 0 0 0]
 [0 0 0 1 0 0 0 2 0 2 0 0]
 [0 0 0 0 0 0 0 0 0 0 3 0]
 [0 0 0 0 1 0 1 0 0 0 0 2]]
13600   57.4    54
[[5 0 0 0 0 0 0 0 0 0 0 0]
 [0 0 0 0 0 0 0 0 0 0 0 0]
 [0 0 1 0 0 3 1 0 0 0 0 0]
 [0 0 0 3 2 0 0 0 0 2 0 0]
 [0 0 0 1 3 0 0 0 1 0 2 0]
 [0 0 0 0 0 4 1 0 0 0 0 0]
 [0 0 1 1 0 0 3 0 0 0 0 0]
 [0 0 0 0 0 0 0 1 0 2 1 1]
 [0 0 0 0 0 0 0 0 3 0 0 0]
 [0 0 0 1 0 0 0 2 0 2 0 0]
 [0 0 0 0 0 0 0 0 0 0 3 0]
 [0 0 0 0 1 0 1 0 0 0 0 2]]
14000   55.6    54
[[5 0 0 0 0 0 0 0 0 0 0 0]
 [0 0 0 0 0 0 0 0 0 0 0 0]
 [0 0 3 0 0 1 1 0 0 0 0 0]
 [0 0 0 3 2 0 0 0 0 2 0 0]
 [0 0 0 1 3 0 0 0 1 0 2 0]
 [0 0 0 0 0 4 1 0 0 0 0 0]
 [0 0 1 1 0 0 3 0 0 0 0 0]
 [0 0 0 0 0 0 0 1 0 2 1 1]
 [0 0 0 0 0 0 0 0 3 0 0 0]
 [0 0 0 1 0 0 0 2 0 2 0 0]
 [0 0 0 0 0 0 0 0 0 0 3 0]
 [0 0 0 0 1 0 1 0 0 0 0 2]]
14400   59.3    54
[[5 0 0 0 0 0 0 0 0 0 0 0]
 [0 0 0 0 0 0 0 0 0 0 0 0]
 [0 0 1 0 0 3 0 0 0 0 1 0]
 [0 0 0 3 2 0 0 0 0 2 0 0]
 [0 0 0 1 3 0 0 0 1 0 2 0]
 [0 0 0 0 0 4 1 0 0 0 0 0]
 [0 0 1 1 0 0 3 0 0 0 0 0]
 [0 0 0 0 0 0 0 1 0 2 1 1]
 [0 0 0 0 0 0 0 0 3 0 0 0]
 [0 0 0 1 0 0 0 2 0 2 0 0]
 [0 0 0 0 0 0 0 0 0 0 3 0]
 [0 0 0 0 1 0 1 0 0 0 0 2]]
14800   55.6    54
[[5 0 0 0 0 0 0 0 0 0 0 0]
 [0 0 0 0 0 0 0 0 0 0 0 0]
 [0 0 3 1 0 1 0 0 0 0 0 0]
 [0 0 0 3 2 0 0 0 0 2 0 0]
 [0 0 0 1 3 0 0 0 1 0 2 0]
 [0 0 0 0 0 4 1 0 0 0 0 0]
 [0 0 1 1 0 0 3 0 0 0 0 0]
 [0 0 0 0 0 0 0 1 0 2 1 1]
 [0 0 0 0 0 0 0 0 3 0 0 0]
 [0 0 0 1 0 0 0 2 0 2 0 0]
 [0 0 0 0 0 0 0 0 0 0 3 0]
 [0 0 0 0 1 0 1 0 0 0 0 2]]
15200   59.3    54
[[5 0 0 0 0 0 0 0 0 0 0 0]
 [0 0 0 0 0 0 0 0 0 0 0 0]
 [0 0 1 1 0 3 0 0 0 0 0 0]
 [0 0 0 3 2 0 0 0 0 2 0 0]
 [0 0 0 1 3 0 0 0 1 0 2 0]
 [0 0 0 0 0 4 1 0 0 0 0 0]
 [0 0 1 1 0 0 3 0 0 0 0 0]
 [0 0 0 0 0 0 0 1 0 2 1 1]
 [0 0 0 0 0 0 0 0 3 0 0 0]
 [0 0 0 1 0 0 0 2 0 2 0 0]
 [0 0 0 0 0 0 0 0 0 0 3 0]
 [0 0 0 0 1 0 1 0 0 0 0 2]]
15600   55.6    54
[[5 0 0 0 0 0 0 0 0 0 0 0]
 [0 0 0 0 0 0 0 0 0 0 0 0]
 [0 0 1 1 0 3 0 0 0 0 0 0]
 [0 0 0 3 2 0 0 0 0 2 0 0]
 [0 0 0 1 3 0 0 0 1 0 2 0]
 [0 0 0 0 0 4 1 0 0 0 0 0]
 [0 0 1 1 0 0 3 0 0 0 0 0]
 [0 0 0 0 0 0 0 1 0 2 1 1]
 [0 0 0 0 0 0 0 0 3 0 0 0]
 [0 0 0 1 0 0 0 2 0 2 0 0]
 [0 0 0 0 0 0 0 0 0 0 3 0]
 [0 0 0 0 1 0 1 0 0 0 0 2]]
16000   55.6    54
[[5 0 0 0 0 0 0 0 0 0 0 0]
 [0 0 0 0 0 0 0 0 0 0 0 0]
 [0 0 1 1 0 3 0 0 0 0 0 0]
 [0 0 0 3 2 0 0 0 0 2 0 0]
 [0 0 0 1 3 0 0 0 1 0 2 0]
 [0 0 0 0 0 4 1 0 0 0 0 0]
 [0 0 1 1 0 0 3 0 0 0 0 0]
 [0 0 0 0 0 0 0 1 0 2 1 1]
 [0 0 0 0 0 0 0 0 3 0 0 0]
 [0 0 0 1 0 0 0 2 0 2 0 0]
 [0 0 0 0 0 0 0 0 0 0 3 0]
 [0 0 0 0 1 0 1 0 0 0 0 2]]
16400   55.6    54
[[5 0 0 0 0 0 0 0 0 0 0 0]
 [0 0 0 0 0 0 0 0 0 0 0 0]
 [0 0 1 1 0 3 0 0 0 0 0 0]
 [0 0 0 3 2 0 0 0 0 2 0 0]
 [0 0 0 1 3 0 0 0 1 0 2 0]
 [0 0 0 0 0 4 1 0 0 0 0 0]
 [0 0 1 1 0 0 3 0 0 0 0 0]
 [0 0 0 0 0 0 0 1 0 2 1 1]
 [0 0 0 0 0 0 0 0 3 0 0 0]
 [0 0 0 1 0 0 0 2 0 2 0 0]
 [0 0 0 0 0 0 0 0 0 0 3 0]
 [0 0 0 0 1 0 1 0 0 0 0 2]]
16800   55.6    54
[[5 0 0 0 0 0 0 0 0 0 0 0]
 [0 0 0 0 0 0 0 0 0 0 0 0]
 [0 0 1 1 0 3 0 0 0 0 0 0]
 [0 0 0 3 2 0 0 0 0 2 0 0]
 [0 0 0 1 3 0 0 0 1 0 2 0]
 [0 0 0 0 0 4 1 0 0 0 0 0]
 [0 0 1 1 0 0 3 0 0 0 0 0]
 [0 0 0 0 0 0 0 1 0 2 1 1]
 [0 0 0 0 0 0 0 0 3 0 0 0]
 [0 0 0 1 0 0 0 2 0 2 0 0]
 [0 0 0 0 0 0 0 0 0 0 3 0]
 [0 0 0 0 1 0 1 0 0 0 0 2]]
17200   55.6    54
[[5 0 0 0 0 0 0 0 0 0 0 0]
 [0 0 0 0 0 0 0 0 0 0 0 0]
 [0 0 1 1 0 3 0 0 0 0 0 0]
 [0 0 0 3 2 0 0 0 0 2 0 0]
 [0 0 0 1 3 0 0 0 1 0 2 0]
 [0 0 0 0 0 4 1 0 0 0 0 0]
 [0 0 1 1 0 0 3 0 0 0 0 0]
 [0 0 0 0 0 0 0 1 0 2 1 1]
 [0 0 0 0 0 0 0 0 3 0 0 0]
 [0 0 0 1 0 0 0 2 0 2 0 0]
 [0 0 0 0 0 0 0 0 0 0 3 0]
 [0 0 0 0 1 0 1 0 0 0 0 2]]
17600   55.6    54
[[5 0 0 0 0 0 0 0 0 0 0 0]
 [0 0 0 0 0 0 0 0 0 0 0 0]
 [0 0 1 1 0 3 0 0 0 0 0 0]
 [0 0 0 3 2 0 0 0 0 2 0 0]
 [0 0 0 1 3 0 0 0 1 0 2 0]
 [0 0 0 0 0 4 1 0 0 0 0 0]
 [0 0 1 1 0 0 3 0 0 0 0 0]
 [0 0 0 0 0 0 0 1 0 2 1 1]
 [0 0 0 0 0 0 0 0 3 0 0 0]
 [0 0 0 1 0 0 0 2 0 2 0 0]
 [0 0 0 0 0 0 0 0 0 0 3 0]
 [0 0 0 0 1 0 1 0 0 0 0 2]]
18000   55.6    54
[[6 0 0 0 0 0 0 0 0 0 0 0]
 [0 0 0 0 0 0 0 0 0 0 0 0]
 [0 0 0 0 0 1 1 0 0 0 0 0]
 [0 0 0 1 0 0 0 0 0 0 0 0]
 [0 0 0 0 4 0 0 0 1 0 2 0]
 [0 0 0 0 0 2 1 0 0 0 0 0]
 [0 0 3 0 0 0 1 0 1 0 0 2]
 [0 0 0 0 0 0 0 2 0 0 1 0]
 [0 0 1 0 0 2 0 0 2 0 2 0]
 [0 0 0 1 0 0 1 2 0 0 0 1]
 [0 0 0 1 0 0 1 3 0 0 4 0]
 [0 0 1 0 0 1 0 0 0 2 0 4]]
44.8 58
