[[5 0 0 0 0 0 0 0 0 0 0 0]
 [0 0 0 0 0 0 0 0 0 0 0 0]
 [0 0 1 0 0 0 3 1 0 0 0 0]
 [0 0 2 0 0 0 1 4 0 0 0 0]
 [0 0 1 0 1 0 2 3 0 0 0 0]
 [0 0 1 0 0 0 3 1 0 0 0 0]
 [0 0 1 0 0 0 3 1 0 0 0 0]
 [0 0 1 0 0 0 0 4 0 0 0 0]
 [0 0 0 0 0 0 0 3 0 0 0 0]
 [0 0 1 0 0 0 2 2 0 0 0 0]
 [0 0 0 0 0 0 2 1 0 0 0 0]
 [0 0 0 0 0 0 1 3 0 0 0 0]]
400   25.9    54
[[5 0 0 0 0 0 0 0 0 0 0 0]
 [0 0 0 0 0 0 0 0 0 0 0 0]
 [0 0 2 0 0 0 0 1 2 0 0 0]
 [0 0 2 0 0 0 0 5 0 0 0 0]
 [0 0 1 0 1 0 0 5 0 0 0 0]
 [0 0 2 0 0 0 1 1 1 0 0 0]
 [0 0 1 0 0 0 1 2 1 0 0 0]
 [0 0 1 0 0 0 0 4 0 0 0 0]
 [0 0 0 0 1 0 0 2 0 0 0 0]
 [0 0 1 0 0 0 0 4 0 0 0 0]
 [0 0 0 0 0 0 0 2 1 0 0 0]
 [0 0 0 0 1 0 0 3 0 0 0 0]]
800   24.1    54
[[5 0 0 0 0 0 0 0 0 0 0 0]
 [0 0 0 0 0 0 0 0 0 0 0 0]
 [0 0 0 0 0 1 1 0 2 0 0 1]
 [0 0 0 1 3 1 0 1 0 0 0 1]
 [0 0 1 2 2 0 0 0 1 0 0 1]
 [0 0 2 0 0 0 2 0 1 0 0 0]
 [0 0 1 1 0 0 2 0 1 0 0 0]
 [0 0 1 0 4 0 0 0 0 0 0 0]
 [0 0 0 0 0 0 2 0 1 0 0 0]
 [0 0 0 1 2 0 0 0 1 0 0 1]
 [0 0 0 0 2 0 0 0 1 0 0 0]
 [0 0 0 1 1 0 0 1 1 0 0 0]]
1200   20.4    54
[[5 0 0 0 0 0 0 0 0 0 0 0]
 [0 0 0 0 0 0 0 0 0 0 0 0]
 [0 0 0 0 0 2 1 1 1 0 0 0]
 [0 0 0 3 0 1 0 3 0 0 0 0]
 [0 0 0 5 0 1 0 1 0 0 0 0]
 [0 0 0 1 0 2 1 0 1 0 0 0]
 [0 0 0 1 0 1 3 0 0 0 0 0]
 [0 0 0 2 0 1 0 2 0 0 0 0]
 [0 0 0 0 0 0 2 0 1 0 0 0]
 [0 0 0 2 0 0 0 3 0 0 0 0]
 [0 0 0 3 0 0 0 0 0 0 0 0]
 [0 0 0 3 0 0 0 1 0 0 0 0]]
1600   29.6    54
[[5 0 0 0 0 0 0 0 0 0 0 0]
 [0 0 0 0 0 0 0 0 0 0 0 0]
 [0 0 0 0 0 0 0 0 4 0 0 1]
 [0 0 0 1 2 0 0 2 2 0 0 0]
 [0 0 0 0 3 0 0 0 3 0 0 1]
 [0 0 1 0 0 0 0 0 3 0 0 1]
 [0 0 0 1 0 1 0 0 3 0 0 0]
 [0 0 0 0 1 0 0 1 2 0 0 1]
 [0 0 0 0 0 0 0 0 3 0 0 0]
 [0 0 0 0 1 0 0 1 3 0 0 0]
 [0 0 0 0 1 0 0 0 2 0 0 0]
 [0 0 0 0 1 0 0 2 1 0 0 0]]
2000   24.1    54
[[5 0 0 0 0 0 0 0 0 0 0 0]
 [0 0 0 0 0 0 0 0 0 0 0 0]
 [0 0 0 0 0 0 0 0 4 0 0 1]
 [0 0 0 2 2 0 0 1 1 0 0 1]
 [0 0 1 1 3 0 0 0 2 0 0 0]
 [0 0 0 0 0 1 0 0 3 0 0 1]
 [0 0 1 1 0 0 1 0 2 0 0 0]
 [0 0 0 1 0 0 0 1 2 0 0 1]
 [0 0 0 0 0 0 0 0 3 0 0 0]
 [0 0 0 2 2 0 0 1 0 0 0 0]
 [0 0 0 0 1 0 0 0 2 0 0 0]
 [0 0 0 0 0 0 0 3 1 0 0 0]]
2400   29.6    54
[[5 0 0 0 0 0 0 0 0 0 0 0]
 [0 0 0 0 0 0 0 0 0 0 0 0]
 [0 0 0 0 0 1 2 0 0 0 1 1]
 [0 0 0 1 3 0 0 3 0 0 0 0]
 [0 0 1 0 3 0 1 0 1 0 0 1]
 [0 0 1 0 0 1 3 0 0 0 0 0]
 [0 0 0 1 0 1 1 0 2 0 0 0]
 [0 0 0 1 0 0 1 2 0 0 1 0]
 [0 0 0 0 0 0 2 0 1 0 0 0]
 [0 0 0 0 2 0 0 2 0 0 0 1]
 [0 0 0 0 1 0 0 1 1 0 0 0]
 [0 0 0 0 0 0 1 3 0 0 0 0]]
2800   25.9    54
[[5 0 0 0 0 0 0 0 0 0 0 0]
 [0 0 0 0 0 0 0 0 0 0 0 0]
 [0 0 1 0 0 0 2 0 0 1 0 1]
 [0 0 0 0 2 0 0 2 0 2 0 1]
 [0 0 1 0 3 0 0 0 2 0 0 1]
 [0 0 2 0 0 0 1 1 1 0 0 0]
 [0 0 1 0 0 0 1 1 2 0 0 0]
 [0 0 0 0 0 0 1 1 0 2 1 0]
 [0 0 0 0 0 0 2 0 1 0 0 0]
 [0 0 0 0 0 0 0 3 0 1 0 1]
 [0 0 0 0 1 0 0 1 1 0 0 0]
 [0 0 0 0 0 0 0 1 0 3 0 0]]
3200   24.1    54
[[5 0 0 0 0 0 0 0 0 0 0 0]
 [0 0 0 0 0 0 0 0 0 0 0 0]
 [0 0 0 0 0 1 0 0 2 0 1 1]
 [0 0 0 2 3 0 0 0 0 0 0 2]
 [0 0 0 0 4 0 0 0 3 0 0 0]
 [0 0 0 0 0 1 1 0 3 0 0 0]
 [0 0 0 1 0 1 1 0 2 0 0 0]
 [0 0 0 1 0 0 1 0 0 2 1 0]
 [0 0 0 0 0 0 0 0 3 0 0 0]
 [0 0 0 3 0 0 0 1 0 0 0 1]
 [0 0 0 0 2 0 0 0 1 0 0 0]
 [0 0 0 1 0 0 0 2 0 1 0 0]]
3600   29.6    54
[[5 0 0 0 0 0 0 0 0 0 0 0]
 [0 0 0 0 0 0 0 0 0 0 0 0]
 [0 0 0 0 1 1 0 0 2 0 1 0]
 [0 0 0 1 3 1 0 1 0 0 1 0]
 [0 0 0 0 4 0 0 0 3 0 0 0]
 [0 0 0 0 0 1 1 0 3 0 0 0]
 [0 0 0 0 0 1 1 0 2 0 1 0]
 [0 0 0 0 0 0 1 2 1 1 0 0]
 [0 0 0 0 0 0 0 0 3 0 0 0]
 [0 0 0 0 2 0 0 2 1 0 0 0]
 [0 0 0 0 2 0 0 0 1 0 0 0]
 [0 0 0 0 0 0 1 3 0 0 0 0]]
4000   31.5    54
[[5 0 0 0 0 0 0 0 0 0 0 0]
 [0 0 0 0 0 0 0 0 0 0 0 0]
 [0 0 1 0 0 0 1 0 1 0 1 1]
 [0 0 0 3 0 0 0 1 0 2 1 0]
 [0 0 0 0 4 0 0 0 3 0 0 0]
 [0 0 1 0 0 0 0 0 3 1 0 0]
 [0 0 1 1 0 0 1 0 2 0 0 0]
 [0 0 0 1 0 0 1 0 0 2 1 0]
 [0 0 0 0 0 0 0 0 3 0 0 0]
 [0 0 0 1 0 0 0 1 0 2 0 1]
 [0 0 0 0 3 0 0 0 0 0 0 0]
 [0 0 0 0 0 0 0 1 0 3 0 0]]
4400   35.2    54
[[5 0 0 0 0 0 0 0 0 0 0 0]
 [0 0 0 0 0 0 0 0 0 0 0 0]
 [0 0 0 0 0 1 0 0 3 1 0 0]
 [0 0 0 0 0 1 0 0 0 2 0 4]
 [0 0 0 0 2 0 0 0 3 0 0 2]
 [0 0 2 0 0 0 1 0 2 0 0 0]
 [0 0 0 1 0 1 1 0 2 0 0 0]
 [0 0 0 1 0 0 1 0 0 2 1 0]
 [0 0 0 0 0 0 0 0 3 0 0 0]
 [0 0 0 0 0 0 0 2 0 2 0 1]
 [0 0 0 0 2 0 0 0 1 0 0 0]
 [0 0 0 1 0 0 0 3 0 0 0 0]]
4800   24.1    54
[[5 0 0 0 0 0 0 0 0 0 0 0]
 [0 0 0 0 0 0 0 0 0 0 0 0]
 [0 0 0 0 0 1 2 0 1 0 1 0]
 [0 0 0 1 0 0 0 0 0 1 0 5]
 [0 0 0 0 4 0 0 0 2 0 0 1]
 [0 0 1 0 0 1 1 0 2 0 0 0]
 [0 0 0 1 0 1 1 0 2 0 0 0]
 [0 0 0 0 0 0 1 1 0 2 1 0]
 [0 0 0 0 0 0 0 0 3 0 0 0]
 [0 0 0 0 0 0 0 3 0 1 0 1]
 [0 0 0 0 3 0 0 0 0 0 0 0]
 [0 0 0 1 0 0 0 3 0 0 0 0]]
5200   31.5    54
[[5 0 0 0 0 0 0 0 0 0 0 0]
 [0 0 0 0 0 0 0 0 0 0 0 0]
 [0 0 0 0 0 0 2 0 2 0 0 1]
 [0 0 0 1 0 0 0 0 0 4 0 2]
 [0 0 0 0 3 0 0 0 3 0 0 1]
 [0 0 2 0 0 0 1 0 2 0 0 0]
 [0 0 0 1 0 1 1 0 2 0 0 0]
 [0 0 0 0 0 0 1 1 0 2 1 0]
 [0 0 0 0 0 0 0 0 3 0 0 0]
 [0 0 0 0 0 0 0 2 0 2 0 1]
 [0 0 0 0 2 0 0 0 1 0 0 0]
 [0 0 0 0 0 0 0 3 0 1 0 0]]
5600   29.6    54
[[5 0 0 0 0 0 0 0 0 0 0 0]
 [0 0 0 0 0 0 0 0 0 0 0 0]
 [0 0 0 0 0 1 0 0 3 0 1 0]
 [0 0 0 2 0 0 0 0 0 1 0 4]
 [0 0 0 0 4 0 0 0 2 0 1 0]
 [0 0 2 0 0 0 1 0 2 0 0 0]
 [0 0 0 1 0 1 1 0 2 0 0 0]
 [0 0 0 1 0 0 1 0 0 2 1 0]
 [0 0 0 0 0 0 0 0 3 0 0 0]
 [0 0 0 1 0 0 0 2 0 0 1 1]
 [0 0 0 0 3 0 0 0 0 0 0 0]
 [0 0 0 2 0 0 0 2 0 0 0 0]]
6000   27.8    54
[[5 0 0 0 0 0 0 0 0 0 0 0]
 [0 0 0 0 0 0 0 0 0 0 0 0]
 [0 0 0 0 0 2 0 0 2 0 0 1]
 [0 0 0 1 0 0 0 0 0 1 0 5]
 [0 0 0 0 3 0 0 0 2 0 1 1]
 [0 0 2 0 0 0 1 0 2 0 0 0]
 [0 0 0 1 0 1 1 0 2 0 0 0]
 [0 0 0 1 0 0 1 0 0 2 1 0]
 [0 0 0 0 0 0 0 0 3 0 0 0]
 [0 0 0 0 0 0 0 3 0 1 0 1]
 [0 0 0 0 3 0 0 0 0 0 0 0]
 [0 0 0 1 0 0 0 3 0 0 0 0]]
6400   25.9    54
[[5 0 0 0 0 0 0 0 0 0 0 0]
 [0 0 0 0 0 0 0 0 0 0 0 0]
 [0 0 0 0 0 0 1 0 3 0 0 1]
 [0 0 0 4 0 0 0 0 0 0 0 3]
 [0 0 0 0 3 0 0 0 2 0 1 1]
 [0 0 1 0 0 0 1 0 3 0 0 0]
 [0 0 0 1 0 1 1 0 2 0 0 0]
 [0 0 0 1 0 0 0 2 0 1 0 1]
 [0 0 0 0 0 0 0 0 3 0 0 0]
 [0 0 0 0 0 0 0 3 0 1 0 1]
 [0 0 0 0 3 0 0 0 0 0 0 0]
 [0 0 0 1 0 0 0 2 0 0 0 1]]
6800   37.0    54
[[5 0 0 0 0 0 0 0 0 0 0 0]
 [0 0 0 0 0 0 0 0 0 0 0 0]
 [0 0 1 0 0 0 1 1 2 0 0 0]
 [0 0 0 3 0 0 0 1 0 3 0 0]
 [0 0 0 0 3 0 0 0 2 0 1 1]
 [0 0 2 0 0 0 0 1 2 0 0 0]
 [0 0 1 1 0 0 1 0 2 0 0 0]
 [0 0 0 1 0 0 1 0 0 2 1 0]
 [0 0 0 0 0 0 0 0 3 0 0 0]
 [0 0 0 0 0 0 0 3 0 1 0 1]
 [0 0 0 0 2 0 0 0 0 0 1 0]
 [0 0 0 1 0 0 0 2 0 1 0 0]]
7200   33.3    54
[[5 0 0 0 0 0 0 0 0 0 0 0]
 [0 0 0 0 0 0 0 0 0 0 0 0]
 [0 0 1 0 0 0 1 0 2 1 0 0]
 [0 0 0 3 0 0 0 0 0 0 0 4]
 [0 0 0 0 3 0 0 0 1 0 2 1]
 [0 0 2 0 0 0 1 0 2 0 0 0]
 [0 0 1 1 0 0 1 0 2 0 0 0]
 [0 0 0 1 0 0 0 1 0 2 1 0]
 [0 0 0 0 0 0 0 0 3 0 0 0]
 [0 0 0 0 0 0 0 2 0 2 0 1]
 [0 0 0 0 3 0 0 0 0 0 0 0]
 [0 0 0 1 0 0 0 2 0 1 0 0]]
7600   35.2    54
[[5 0 0 0 0 0 0 0 0 0 0 0]
 [0 0 0 0 0 0 0 0 0 0 0 0]
 [0 0 0 0 0 1 1 0 2 0 0 1]
 [0 0 0 3 0 0 0 0 0 0 0 4]
 [0 0 0 0 3 0 0 0 1 0 2 1]
 [0 0 0 0 0 1 1 0 3 0 0 0]
 [0 0 0 1 0 1 1 0 2 0 0 0]
 [0 0 0 2 0 0 0 0 0 2 1 0]
 [0 0 0 0 0 0 0 0 3 0 0 0]
 [0 0 0 1 0 0 0 1 0 1 1 1]
 [0 0 0 0 2 0 0 0 1 0 0 0]
 [0 0 0 1 1 0 0 0 0 1 0 1]]
8000   33.3    54
[[5 0 0 0 0 0 0 0 0 0 0 0]
 [0 0 0 0 0 0 0 0 0 0 0 0]
 [0 0 1 0 0 0 2 0 1 1 0 0]
 [0 0 0 2 0 0 0 0 0 4 0 1]
 [0 0 0 0 2 0 0 0 1 0 3 1]
 [0 0 2 0 0 2 1 0 0 0 0 0]
 [0 0 1 1 0 0 2 0 0 0 1 0]
 [0 0 0 0 0 0 0 2 0 2 1 0]
 [0 0 0 0 0 0 0 0 3 0 0 0]
 [0 0 0 0 0 0 0 4 0 1 0 0]
 [0 0 0 0 0 0 0 1 0 0 1 1]
 [0 0 0 1 0 0 0 2 0 1 0 0]]
8400   38.9    54
[[5 0 0 0 0 0 0 0 0 0 0 0]
 [0 0 0 0 0 0 0 0 0 0 0 0]
 [0 0 0 0 0 1 1 1 2 0 0 0]
 [0 0 0 3 0 0 0 0 0 0 0 4]
 [0 0 0 0 3 0 0 0 0 0 2 2]
 [0 0 0 0 0 3 1 0 1 0 0 0]
 [0 0 0 1 0 1 1 0 2 0 0 0]
 [0 0 0 2 0 0 0 0 0 2 0 1]
 [0 0 0 0 0 1 0 0 2 0 0 0]
 [0 0 0 0 0 0 0 2 0 1 0 2]
 [0 0 0 0 2 0 0 0 0 0 0 1]
 [0 0 0 1 1 0 0 0 0 1 0 1]]
8800   35.2    54
[[5 0 0 0 0 0 0 0 0 0 0 0]
 [0 0 0 0 0 0 0 0 0 0 0 0]
 [0 0 0 0 0 0 1 0 3 0 0 1]
 [0 0 0 3 0 0 0 0 0 0 0 4]
 [0 0 0 0 4 0 0 0 1 0 1 1]
 [0 0 1 0 0 0 1 0 3 0 0 0]
 [0 0 1 1 0 0 1 0 2 0 0 0]
 [0 0 0 2 0 0 0 0 0 2 0 1]
 [0 0 0 0 0 0 0 0 3 0 0 0]
 [0 0 0 1 0 0 0 1 0 0 1 2]
 [0 0 0 0 3 0 0 0 0 0 0 0]
 [0 0 0 1 1 0 0 0 0 1 0 1]]
9200   31.5    54
[[5 0 0 0 0 0 0 0 0 0 0 0]
 [0 0 0 0 0 0 0 0 0 0 0 0]
 [0 0 0 0 0 1 1 0 2 1 0 0]
 [0 0 0 3 0 0 0 0 0 0 0 4]
 [0 0 0 0 2 0 0 0 1 0 3 1]
 [0 0 2 0 0 0 1 0 2 0 0 0]
 [0 0 0 1 0 1 1 0 1 0 1 0]
 [0 0 0 1 0 0 0 1 0 2 1 0]
 [0 0 0 0 0 0 0 0 3 0 0 0]
 [0 0 0 0 0 0 0 1 0 2 1 1]
 [0 0 0 0 2 0 0 0 1 0 0 0]
 [0 0 0 1 0 0 0 1 0 1 0 1]]
9600   33.3    54
[[5 0 0 0 0 0 0 0 0 0 0 0]
 [0 0 0 0 0 0 0 0 0 0 0 0]
 [0 0 0 0 0 1 1 0 2 0 1 0]
 [0 0 0 3 0 0 0 0 0 1 0 3]
 [0 0 0 0 3 0 0 0 1 0 2 1]
 [0 0 2 0 0 1 1 0 1 0 0 0]
 [0 0 0 1 0 1 1 0 1 0 1 0]
 [0 0 0 1 0 0 1 0 0 2 1 0]
 [0 0 0 0 0 1 0 0 2 0 0 0]
 [0 0 0 0 0 0 0 2 0 1 1 1]
 [0 0 0 0 2 0 0 0 1 0 0 0]
 [0 0 0 1 0 0 0 1 0 1 0 1]]
10000   31.5    54
[[5 0 0 0 0 0 0 0 0 0 0 0]
 [0 0 0 0 0 0 0 0 0 0 0 0]
 [0 0 0 0 0 1 1 0 2 1 0 0]
 [0 0 0 3 0 0 0 0 0 0 0 4]
 [0 0 0 0 3 0 0 0 1 0 2 1]
 [0 0 2 0 0 0 1 0 2 0 0 0]
 [0 0 0 1 0 1 1 0 2 0 0 0]
 [0 0 0 2 0 0 0 0 0 2 0 1]
 [0 0 0 0 0 0 0 0 3 0 0 0]
 [0 0 0 0 0 0 0 1 0 2 1 1]
 [0 0 0 0 2 0 0 0 1 0 0 0]
 [0 0 0 1 1 0 0 0 0 1 0 1]]
10400   33.3    54
[[5 0 0 0 0 0 0 0 0 0 0 0]
 [0 0 0 0 0 0 0 0 0 0 0 0]
 [0 0 0 0 0 1 1 0 2 1 0 0]
 [0 0 0 3 0 0 0 0 0 0 0 4]
 [0 0 0 0 2 0 0 0 1 0 3 1]
 [0 0 1 0 0 2 1 0 1 0 0 0]
 [0 0 0 1 0 1 1 0 0 0 2 0]
 [0 0 0 2 0 0 0 0 0 2 0 1]
 [0 0 0 0 0 1 0 0 2 0 0 0]
 [0 0 0 0 0 0 0 1 0 2 1 1]
 [0 0 0 0 2 0 0 0 0 0 1 0]
 [0 0 0 1 0 0 0 1 0 1 0 1]]
10800   35.2    54
[[5 0 0 0 0 0 0 0 0 0 0 0]
 [0 0 0 0 0 0 0 0 0 0 0 0]
 [0 0 0 0 0 1 1 0 2 1 0 0]
 [0 0 0 2 0 0 0 0 0 0 0 5]
 [0 0 0 0 2 0 0 0 1 0 3 1]
 [0 0 1 0 0 2 0 1 1 0 0 0]
 [0 0 0 1 0 2 1 0 0 0 1 0]
 [0 0 0 2 0 0 0 0 0 2 1 0]
 [0 0 0 0 0 1 0 0 2 0 0 0]
 [0 0 0 0 0 0 0 1 0 2 1 1]
 [0 0 0 0 1 0 0 0 1 0 0 1]
 [0 0 0 1 0 0 0 1 0 1 0 1]]
11200   31.5    54
[[5 0 0 0 0 0 0 0 0 0 0 0]
 [0 0 0 0 0 0 0 0 0 0 0 0]
 [0 0 0 0 0 1 1 0 2 0 1 0]
 [0 0 0 3 0 0 0 1 0 0 0 3]
 [0 0 0 0 3 0 0 0 1 0 2 1]
 [0 0 0 0 0 2 1 0 2 0 0 0]
 [0 0 0 1 0 1 1 0 1 0 1 0]
 [0 0 0 1 0 0 0 2 0 1 1 0]
 [0 0 0 0 0 1 0 0 2 0 0 0]
 [0 0 0 0 0 0 0 1 0 2 1 1]
 [0 0 0 0 1 0 0 0 1 0 0 1]
 [0 0 0 1 1 0 0 0 0 1 0 1]]
11600   38.9    54
[[5 0 0 0 0 0 0 0 0 0 0 0]
 [0 0 0 0 0 0 0 0 0 0 0 0]
 [0 0 0 0 0 1 1 0 2 1 0 0]
 [0 0 0 3 0 0 0 1 0 1 0 2]
 [0 0 0 0 2 0 0 0 1 0 3 1]
 [0 0 0 0 0 3 1 0 1 0 0 0]
 [0 0 0 1 0 2 1 0 1 0 0 0]
 [0 0 0 1 0 0 0 2 0 1 1 0]
 [0 0 0 0 0 1 0 0 2 0 0 0]
 [0 0 0 1 0 0 0 2 0 1 0 1]
 [0 0 0 0 2 0 0 0 1 0 0 0]
 [0 0 0 1 0 0 0 1 0 1 0 1]]
12000   37.0    54
[[5 0 0 0 0 0 0 0 0 0 0 0]
 [0 0 0 0 0 0 0 0 0 0 0 0]
 [0 0 0 0 0 1 1 0 2 0 1 0]
 [0 0 0 3 0 0 0 0 0 0 0 4]
 [0 0 0 0 2 0 0 0 1 0 3 1]
 [0 0 0 0 0 2 1 0 2 0 0 0]
 [0 0 0 1 0 2 1 0 1 0 0 0]
 [0 0 0 2 0 0 0 0 0 2 1 0]
 [0 0 0 0 0 1 0 0 2 0 0 0]
 [0 0 0 3 0 0 0 0 0 1 1 0]
 [0 0 0 1 1 0 0 0 1 0 0 0]
 [0 0 0 2 0 0 0 0 0 1 0 1]]
12400   31.5    54
[[5 0 0 0 0 0 0 0 0 0 0 0]
 [0 0 0 0 0 0 0 0 0 0 0 0]
 [0 0 0 0 0 0 3 0 1 1 0 0]
 [0 0 0 2 0 0 0 2 0 2 0 1]
 [0 0 0 0 3 0 0 0 1 0 2 1]
 [0 0 1 0 0 1 1 0 2 0 0 0]
 [0 0 1 1 0 0 1 0 2 0 0 0]
 [0 0 0 1 0 0 0 2 0 1 1 0]
 [0 0 0 0 0 1 0 0 2 0 0 0]
 [0 0 0 0 0 0 0 2 0 2 1 0]
 [0 0 0 0 2 0 0 0 1 0 0 0]
 [0 0 0 1 0 0 0 1 0 1 0 1]]
12800   35.2    54
[[5 0 0 0 0 0 0 0 0 0 0 0]
 [0 0 0 0 0 0 0 0 0 0 0 0]
 [0 0 0 0 0 0 2 0 2 0 1 0]
 [0 0 0 3 0 0 0 0 0 0 0 4]
 [0 0 0 0 3 0 0 0 2 0 1 1]
 [0 0 0 0 0 2 1 0 2 0 0 0]
 [0 0 0 1 1 1 1 0 1 0 0 0]
 [0 0 0 1 0 0 0 1 0 2 0 1]
 [0 0 0 0 0 1 0 0 2 0 0 0]
 [0 0 0 1 0 0 0 1 0 1 1 1]
 [0 0 0 0 2 0 0 0 1 0 0 0]
 [0 0 0 1 1 0 0 0 0 1 0 1]]
13200   35.2    54
[[5 0 0 0 0 0 0 0 0 0 0 0]
 [0 0 0 0 0 0 0 0 0 0 0 0]
 [0 0 0 0 0 0 3 0 1 1 0 0]
 [0 0 0 3 0 0 0 1 0 3 0 0]
 [0 0 0 0 2 0 0 0 2 0 2 1]
 [0 0 0 0 0 2 1 0 2 0 0 0]
 [0 0 1 1 1 0 1 0 1 0 0 0]
 [0 0 0 1 0 0 0 0 0 3 1 0]
 [0 0 0 0 0 1 0 0 2 0 0 0]
 [0 0 0 0 0 0 0 2 0 2 1 0]
 [0 0 0 0 2 0 0 0 1 0 0 0]
 [0 0 0 1 0 0 0 1 0 1 0 1]]
13600   33.3    54
[[5 0 0 0 0 0 0 0 0 0 0 0]
 [0 0 0 0 0 0 0 0 0 0 0 0]
 [0 0 0 0 0 0 3 0 1 1 0 0]
 [0 0 0 3 0 0 0 1 0 2 0 1]
 [0 0 0 0 3 0 0 0 1 0 2 1]
 [0 0 0 0 0 3 1 0 1 0 0 0]
 [0 0 0 1 1 1 1 0 0 0 1 0]
 [0 0 0 1 0 0 0 1 0 2 0 1]
 [0 0 0 0 0 1 0 0 2 0 0 0]
 [0 0 0 0 0 0 0 1 0 2 1 1]
 [0 0 0 0 1 0 0 0 1 0 0 1]
 [0 0 0 2 0 0 0 0 0 1 0 1]]
14000   38.9    54
[[5 0 0 0 0 0 0 0 0 0 0 0]
 [0 0 0 0 0 0 0 0 0 0 0 0]
 [0 0 0 0 0 0 3 0 1 1 0 0]
 [0 0 0 3 0 0 0 0 0 0 0 4]
 [0 0 0 0 3 0 0 0 0 0 2 2]
 [0 0 0 0 0 3 1 0 1 0 0 0]
 [0 0 0 1 1 1 1 0 0 0 1 0]
 [0 0 0 1 0 0 0 1 0 2 0 1]
 [0 0 0 0 0 1 0 0 2 0 0 0]
 [0 0 0 2 0 0 0 1 0 1 0 1]
 [0 0 0 1 0 0 0 0 1 0 0 1]
 [0 0 0 2 0 0 0 0 0 1 0 1]]
14400   37.0    54
[[5 0 0 0 0 0 0 0 0 0 0 0]
 [0 0 0 0 0 0 0 0 0 0 0 0]
 [0 0 0 0 0 0 2 0 2 1 0 0]
 [0 0 0 2 0 0 0 1 0 1 0 3]
 [0 0 0 0 2 0 0 0 1 0 3 1]
 [0 0 0 0 0 1 0 1 2 0 1 0]
 [0 0 0 1 1 1 1 0 0 0 1 0]
 [0 0 0 1 0 0 0 1 0 2 0 1]
 [0 0 0 0 0 1 0 0 2 0 0 0]
 [0 0 0 0 0 0 0 1 0 2 1 1]
 [0 0 0 0 2 0 0 0 0 0 1 0]
 [0 0 0 1 1 0 0 0 0 1 0 1]]
14800   33.3    54
[[5 0 0 0 0 0 0 0 0 0 0 0]
 [0 0 0 0 0 0 0 0 0 0 0 0]
 [0 0 0 0 0 0 3 0 1 0 1 0]
 [0 0 0 3 0 0 0 0 0 1 0 3]
 [0 0 0 0 3 0 0 0 1 0 2 1]
 [0 0 0 0 0 2 1 0 2 0 0 0]
 [0 0 0 1 1 1 1 0 0 0 1 0]
 [0 0 0 1 0 0 0 1 0 2 0 1]
 [0 0 0 0 0 1 0 0 2 0 0 0]
 [0 0 0 1 0 0 0 0 0 2 1 1]
 [0 0 0 0 1 0 0 0 1 0 0 1]
 [0 0 0 1 1 0 0 0 0 1 0 1]]
15200   37.0    54
[[5 0 0 0 0 0 0 0 0 0 0 0]
 [0 0 0 0 0 0 0 0 0 0 0 0]
 [0 0 0 0 0 0 3 0 1 1 0 0]
 [0 0 0 3 0 0 0 0 0 0 0 4]
 [0 0 0 0 4 0 0 0 1 0 1 1]
 [0 0 0 0 0 2 1 0 2 0 0 0]
 [0 0 0 1 1 1 1 0 0 0 1 0]
 [0 0 0 1 0 0 0 1 0 2 0 1]
 [0 0 0 0 0 1 0 0 2 0 0 0]
 [0 0 0 2 0 0 0 0 0 1 1 1]
 [0 0 0 0 1 0 0 0 1 0 0 1]
 [0 0 0 1 1 0 0 0 0 1 0 1]]
15600   37.0    54
[[5 0 0 0 0 0 0 0 0 0 0 0]
 [0 0 0 0 0 0 0 0 0 0 0 0]
 [0 0 0 0 0 0 3 0 1 1 0 0]
 [0 0 0 3 0 0 0 1 0 1 0 2]
 [0 0 0 0 3 0 0 0 1 0 2 1]
 [0 0 0 0 0 3 1 0 1 0 0 0]
 [0 0 1 1 1 0 1 0 0 0 1 0]
 [0 0 0 1 0 0 0 1 0 2 0 1]
 [0 0 0 0 0 1 0 0 2 0 0 0]
 [0 0 0 2 0 0 0 0 0 2 1 0]
 [0 0 0 0 1 0 0 0 1 0 0 1]
 [0 0 0 1 1 0 0 0 0 1 0 1]]
16000   38.9    54
[[5 0 0 0 0 0 0 0 0 0 0 0]
 [0 0 0 0 0 0 0 0 0 0 0 0]
 [0 0 0 0 0 0 3 0 1 0 1 0]
 [0 0 0 3 0 0 0 0 0 0 0 4]
 [0 0 0 0 3 0 0 0 1 0 2 1]
 [0 0 0 0 0 2 1 0 2 0 0 0]
 [0 0 0 1 1 1 1 0 0 0 1 0]
 [0 0 0 1 0 0 0 1 0 2 0 1]
 [0 0 0 0 0 1 0 0 2 0 0 0]
 [0 0 0 3 0 0 0 0 0 1 1 0]
 [0 0 0 0 1 0 0 0 1 0 0 1]
 [0 0 0 1 1 0 0 0 0 1 0 1]]
16400   35.2    54
[[5 0 0 0 0 0 0 0 0 0 0 0]
 [0 0 0 0 0 0 0 0 0 0 0 0]
 [0 0 0 0 0 0 3 0 1 1 0 0]
 [0 0 0 3 0 0 0 1 0 0 0 3]
 [0 0 0 0 3 0 0 0 1 0 2 1]
 [0 0 0 0 0 3 1 0 1 0 0 0]
 [0 0 0 1 1 1 1 0 0 0 1 0]
 [0 0 0 1 0 0 0 1 0 2 0 1]
 [0 0 0 0 0 1 0 0 2 0 0 0]
 [0 0 0 3 0 0 0 0 0 1 1 0]
 [0 0 0 0 1 0 0 0 0 0 1 1]
 [0 0 0 1 1 0 0 0 0 1 0 1]]
16800   38.9    54
[[4 0 0 1 0 0 0 0 0 0 0 0]
 [0 0 0 0 0 0 0 0 0 0 0 0]
 [0 0 0 0 0 0 3 0 1 1 0 0]
 [0 0 0 3 0 0 0 0 0 0 0 4]
 [0 0 0 0 2 0 0 0 1 0 3 1]
 [0 0 0 0 0 2 1 0 2 0 0 0]
 [0 0 0 1 1 1 1 0 0 0 1 0]
 [0 0 0 1 0 0 0 1 0 2 0 1]
 [0 0 0 0 0 1 0 0 2 0 0 0]
 [0 0 0 2 0 0 0 0 0 1 1 1]
 [0 0 0 0 1 0 0 0 0 0 1 1]
 [0 0 0 1 1 0 0 0 0 1 0 1]]
17200   33.3    54
[[5 0 0 0 0 0 0 0 0 0 0 0]
 [0 0 0 0 0 0 0 0 0 0 0 0]
 [0 0 0 0 0 0 3 0 1 0 1 0]
 [0 0 0 3 0 0 0 1 0 0 0 3]
 [0 0 0 0 3 0 0 0 1 0 2 1]
 [0 0 0 0 0 2 1 0 2 0 0 0]
 [0 0 0 1 1 1 1 0 0 0 1 0]
 [0 0 0 1 0 0 0 1 0 2 0 1]
 [0 0 0 0 0 1 0 0 2 0 0 0]
 [0 0 0 1 0 0 0 1 0 2 1 0]
 [0 0 0 0 2 0 0 0 1 0 0 0]
 [0 0 0 1 1 0 0 0 0 1 0 1]]
17600   37.0    54
[[5 0 0 0 0 0 0 0 0 0 0 0]
 [0 0 0 0 0 0 0 0 0 0 0 0]
 [0 0 0 0 0 0 3 0 1 1 0 0]
 [0 0 0 3 0 0 0 1 0 0 0 3]
 [0 0 0 0 3 0 0 0 1 0 2 1]
 [0 0 0 0 0 2 1 0 2 0 0 0]
 [0 0 0 1 1 1 1 0 0 0 1 0]
 [0 0 0 1 0 0 0 1 0 2 0 1]
 [0 0 0 0 0 1 0 0 2 0 0 0]
 [0 0 0 2 0 0 0 1 0 1 1 0]
 [0 0 0 0 1 0 0 0 1 0 0 1]
 [0 0 0 1 1 0 0 0 0 1 0 1]]
18000   35.2    54
[[6 0 0 0 0 0 0 0 0 0 0 0]
 [0 0 0 0 0 0 0 0 0 0 0 0]
 [0 0 0 0 0 0 1 1 0 0 0 0]
 [0 0 0 0 0 0 0 0 0 1 0 0]
 [0 0 0 0 6 0 0 0 0 0 1 0]
 [0 0 0 0 0 1 1 0 1 0 0 0]
 [0 0 2 1 0 0 1 1 1 0 0 1]
 [0 0 0 0 0 0 0 2 0 0 0 1]
 [0 0 0 0 0 3 0 0 2 0 2 0]
 [0 0 0 1 1 0 0 1 0 1 0 1]
 [0 0 0 1 4 0 0 1 0 0 1 2]
 [0 0 0 0 0 0 0 1 1 1 1 4]]
41.4 58
