[[1 0 0 2 0]
 [0 0 0 0 0]
 [0 0 2 0 4]
 [0 0 6 0 3]
 [0 0 3 0 3]]
400   25.0    24
[[3 0 0 0 0]
 [0 0 0 0 0]
 [0 0 0 2 4]
 [0 0 1 2 6]
 [0 0 0 2 4]]
800   37.5    24
[[3 0 0 0 0]
 [0 0 0 0 0]
 [0 0 2 1 3]
 [0 0 2 0 7]
 [0 0 0 2 4]]
1200   37.5    24
[[3 0 0 0 0]
 [0 0 0 0 0]
 [0 0 3 1 2]
 [0 0 0 2 7]
 [0 0 0 1 5]]
1600   54.2    24
[[3 0 0 0 0]
 [0 0 0 0 0]
 [0 0 5 0 1]
 [0 0 1 4 4]
 [0 0 0 3 3]]
2000   62.5    24
[[3 0 0 0 0]
 [0 0 0 0 0]
 [0 0 4 2 0]
 [0 0 1 6 2]
 [0 0 0 3 3]]
2400   66.7    24
[[3 0 0 0 0]
 [0 0 0 0 0]
 [0 0 5 0 1]
 [0 0 1 6 2]
 [0 0 0 2 4]]
2800   75.0    24
[[3 0 0 0 0]
 [0 0 0 0 0]
 [0 0 4 1 1]
 [0 0 0 6 3]
 [0 0 0 3 3]]
3200   66.7    24
[[3 0 0 0 0]
 [0 0 0 0 0]
 [0 0 4 1 1]
 [0 0 0 5 4]
 [0 0 0 2 4]]
3600   66.7    24
[[3 0 0 0 0]
 [0 0 0 0 0]
 [0 0 5 0 1]
 [0 0 0 6 3]
 [0 0 0 1 5]]
4000   79.2    24
[[3 0 0 0 0]
 [0 0 0 0 0]
 [0 0 4 0 2]
 [0 0 0 5 4]
 [0 0 0 1 5]]
4400   70.8    24
[[3 0 0 0 0]
 [0 0 0 0 0]
 [0 0 4 0 2]
 [0 0 0 5 4]
 [0 0 0 1 5]]
4800   70.8    24
[[3 0 0 0 0]
 [0 0 0 0 0]
 [0 0 4 0 2]
 [0 0 0 6 3]
 [0 0 0 2 4]]
5200   70.8    24
[[3 0 0 0 0]
 [0 0 0 0 0]
 [0 0 5 0 1]
 [0 0 0 6 3]
 [0 0 0 2 4]]
5600   75.0    24
[[3 0 0 0 0]
 [0 0 0 0 0]
 [0 0 4 0 2]
 [0 0 0 5 4]
 [0 0 0 1 5]]
6000   70.8    24
[[3 0 0 0 0]
 [0 0 0 0 0]
 [0 0 4 0 2]
 [0 0 0 6 3]
 [0 0 0 1 5]]
6400   75.0    24
[[3 0 0 0 0]
 [0 0 0 0 0]
 [0 0 4 0 2]
 [0 0 0 5 4]
 [0 0 0 1 5]]
6800   70.8    24
[[3 0 0 0 0]
 [0 0 0 0 0]
 [0 0 4 0 2]
 [0 0 0 6 3]
 [0 0 0 1 5]]
7200   75.0    24
[[3 0 0 0 0]
 [0 0 0 0 0]
 [0 0 4 0 2]
 [0 0 0 6 3]
 [0 0 0 1 5]]
7600   75.0    24
[[3 0 0 0 0]
 [0 0 0 0 0]
 [0 0 4 0 2]
 [0 0 0 6 3]
 [0 0 0 3 3]]
8000   66.7    24
[[3 0 0 0 0]
 [0 0 0 0 0]
 [0 0 4 0 2]
 [0 0 0 6 3]
 [0 0 0 1 5]]
8400   75.0    24
[[3 0 0 0 0]
 [0 0 0 0 0]
 [0 0 4 0 2]
 [0 0 0 6 3]
 [0 0 0 1 5]]
8800   75.0    24
[[3 0 0 0 0]
 [0 0 0 0 0]
 [0 0 4 0 2]
 [0 0 0 6 3]
 [0 0 0 1 5]]
9200   75.0    24
[[3 0 0 0 0]
 [0 0 0 0 0]
 [0 0 4 0 2]
 [0 0 0 6 3]
 [0 0 0 1 5]]
9600   75.0    24
[[3 0 0 0 0]
 [0 0 0 0 0]
 [0 0 4 0 2]
 [0 0 0 6 3]
 [0 0 0 1 5]]
10000   75.0    24
[[3 0 0 0 0]
 [0 0 0 0 0]
 [0 0 4 0 2]
 [0 0 0 6 3]
 [0 0 0 1 5]]
10400   75.0    24
[[3 0 0 0 0]
 [0 0 0 0 0]
 [0 0 4 0 2]
 [0 0 0 6 3]
 [0 0 0 1 5]]
10800   75.0    24
[[3 0 0 0 0]
 [0 0 0 0 0]
 [0 0 4 0 2]
 [0 0 0 6 3]
 [0 0 0 1 5]]
11200   75.0    24
[[3 0 0 0 0]
 [0 0 0 0 0]
 [0 0 4 0 2]
 [0 0 0 7 2]
 [0 0 0 1 5]]
11600   79.2    24
[[3 0 0 0 0]
 [0 0 0 0 0]
 [0 0 4 0 2]
 [0 0 0 6 3]
 [0 0 0 1 5]]
12000   75.0    24
[[3 0 0 0 0]
 [0 0 0 0 0]
 [0 0 4 0 2]
 [0 0 0 7 2]
 [0 0 0 1 5]]
12400   79.2    24
[[3 0 0 0 0]
 [0 0 0 0 0]
 [0 0 4 0 2]
 [0 0 0 7 2]
 [0 0 0 1 5]]
12800   79.2    24
[[3 0 0 0 0]
 [0 0 0 0 0]
 [0 0 4 0 2]
 [0 0 0 7 2]
 [0 0 0 1 5]]
13200   79.2    24
[[3 0 0 0 0]
 [0 0 0 0 0]
 [0 0 4 0 2]
 [0 0 0 6 3]
 [0 0 0 1 5]]
13600   75.0    24
[[3 0 0 0 0]
 [0 0 0 0 0]
 [0 0 4 0 2]
 [0 0 0 7 2]
 [0 0 0 1 5]]
14000   79.2    24
[[3 0 0 0 0]
 [0 0 0 0 0]
 [0 0 4 0 2]
 [0 0 0 7 2]
 [0 0 0 1 5]]
14400   79.2    24
[[3 0 0 0 0]
 [0 0 0 0 0]
 [0 0 4 0 2]
 [0 0 0 7 2]
 [0 0 0 1 5]]
14800   79.2    24
[[3 0 0 0 0]
 [0 0 0 0 0]
 [0 0 4 0 2]
 [0 0 0 7 2]
 [0 0 0 1 5]]
15200   79.2    24
[[3 0 0 0 0]
 [0 0 0 0 0]
 [0 0 4 0 2]
 [0 0 0 7 2]
 [0 0 0 1 5]]
15600   79.2    24
[[3 0 0 0 0]
 [0 0 0 0 0]
 [0 0 4 0 2]
 [0 0 0 7 2]
 [0 0 0 1 5]]
16000   79.2    24
[[3 0 0 0 0]
 [0 0 0 0 0]
 [0 0 4 0 2]
 [0 0 0 7 2]
 [0 0 0 1 5]]
16400   79.2    24
[[3 0 0 0 0]
 [0 0 0 0 0]
 [0 0 4 0 2]
 [0 0 0 7 2]
 [0 0 0 1 5]]
16800   79.2    24
[[3 0 0 0 0]
 [0 0 0 0 0]
 [0 0 4 0 2]
 [0 0 0 7 2]
 [0 0 0 1 5]]
17200   79.2    24
[[3 0 0 0 0]
 [0 0 0 0 0]
 [0 0 4 0 2]
 [0 0 0 7 2]
 [0 0 0 1 5]]
17600   79.2    24
[[3 0 0 0 0]
 [0 0 0 0 0]
 [0 0 4 0 2]
 [0 0 0 7 2]
 [0 0 0 1 5]]
18000   79.2    24
[[1 0 0 0 0]
 [0 0 0 0 0]
 [0 0 3 0 0]
 [0 0 1 0 1]
 [0 0 0 0 5]]
81.8 11
