[[8 0 0 0 0 0 0 0 0 0 0 0 0 0 0 0 0]
 [0 0 0 0 0 0 0 0 0 0 0 0 0 0 0 0 0]
 [0 0 0 0 0 1 0 1 0 0 0 0 0 0 0 4 0]
 [0 0 0 0 0 0 0 0 1 0 0 0 0 3 0 0 0]
 [0 0 0 0 3 0 0 0 0 0 0 0 0 1 1 0 0]
 [0 0 0 0 0 0 0 0 0 0 0 0 0 0 0 6 0]
 [0 0 0 0 1 0 0 0 0 0 0 0 0 3 0 0 0]
 [0 0 0 0 0 0 0 0 0 0 0 0 0 0 0 6 0]
 [0 0 0 0 0 0 0 0 1 0 0 0 0 4 0 0 0]
 [0 0 0 0 4 0 0 0 0 1 0 0 0 0 1 0 0]
 [0 0 0 0 0 0 0 1 0 0 1 0 0 0 0 4 0]
 [0 0 0 0 0 0 0 0 0 0 0 0 0 1 0 1 0]
 [0 0 0 0 0 0 0 0 0 0 0 0 0 0 0 4 0]
 [0 0 0 0 0 0 0 0 0 0 0 0 0 5 0 0 0]
 [0 0 0 0 1 0 0 0 0 1 0 0 0 4 0 0 0]
 [0 0 0 0 0 0 0 0 0 0 0 0 0 1 0 4 0]
 [0 0 0 0 0 0 0 0 0 0 0 0 0 4 0 0 0]]
400   28.0    82
[[8 0 0 0 0 0 0 0 0 0 0 0 0 0 0 0 0]
 [0 0 0 0 0 0 0 0 0 0 0 0 0 0 0 0 0]
 [0 0 0 0 0 1 0 1 0 0 0 0 0 0 0 4 0]
 [0 0 0 0 0 0 3 0 0 1 0 0 0 0 0 0 0]
 [0 0 0 0 0 0 0 0 0 4 0 0 0 0 1 0 0]
 [0 0 0 0 0 0 0 1 0 0 0 0 0 0 0 5 0]
 [0 0 0 1 0 0 1 0 0 1 0 1 0 0 0 0 0]
 [0 0 0 0 0 0 0 4 0 0 0 0 0 0 0 2 0]
 [0 0 0 1 0 0 2 0 0 0 0 2 0 0 0 0 0]
 [0 0 0 0 3 0 0 0 0 3 0 0 0 0 0 0 0]
 [0 0 0 0 0 0 0 4 0 0 0 0 0 0 0 2 0]
 [0 0 0 0 0 0 0 1 0 0 0 1 0 0 0 0 0]
 [0 0 0 0 0 0 0 0 0 0 0 0 0 0 0 4 0]
 [0 0 0 3 0 0 2 0 0 0 0 0 0 0 0 0 0]
 [0 0 0 0 1 0 0 0 0 5 0 0 0 0 0 0 0]
 [0 0 0 0 0 0 0 0 0 1 0 0 1 0 0 3 0]
 [0 0 0 0 0 0 1 0 0 0 0 3 0 0 0 0 0]]
800   24.4    82
[[8 0 0 0 0 0 0 0 0 0 0 0 0 0 0 0 0]
 [0 0 0 0 0 0 0 0 0 0 0 0 0 0 0 0 0]
 [0 0 0 0 0 3 0 1 0 0 0 0 1 0 0 1 0]
 [0 0 0 3 0 0 0 0 0 0 0 1 0 0 0 0 0]
 [0 0 0 0 2 0 0 0 0 3 0 0 0 0 0 0 0]
 [0 0 0 0 0 1 0 0 0 0 2 0 3 0 0 0 0]
 [0 0 0 1 0 0 0 0 0 0 0 3 0 0 0 0 0]
 [0 0 0 0 0 2 0 2 0 0 2 0 0 0 0 0 0]
 [0 0 0 2 0 0 0 0 0 0 0 2 0 0 0 0 1]
 [0 0 0 0 4 0 0 0 0 2 0 0 0 0 0 0 0]
 [0 0 0 0 0 2 0 3 0 0 1 0 0 0 0 0 0]
 [0 0 0 0 0 0 1 1 0 0 0 0 0 0 0 0 0]
 [0 0 0 0 0 4 0 0 0 0 0 0 0 0 0 0 0]
 [0 0 0 5 0 0 0 0 0 0 0 0 0 0 0 0 0]
 [0 0 0 0 3 0 0 0 0 3 0 0 0 0 0 0 0]
 [0 0 0 0 0 1 0 0 0 0 1 0 2 0 0 1 0]
 [0 0 0 0 0 0 0 0 0 0 0 4 0 0 0 0 0]]
1200   24.4    82
[[8 0 0 0 0 0 0 0 0 0 0 0 0 0 0 0 0]
 [0 0 0 0 0 0 0 0 0 0 0 0 0 0 0 0 0]
 [0 0 0 0 0 3 0 1 0 0 0 0 1 0 0 1 0]
 [0 0 0 2 0 0 1 0 1 0 0 0 0 0 0 0 0]
 [0 0 0 0 0 0 0 0 0 3 0 0 0 0 2 0 0]
 [0 0 0 0 0 1 0 2 0 0 0 0 2 0 0 1 0]
 [0 0 0 0 0 0 0 0 0 0 0 2 0 0 0 0 2]
 [0 0 0 0 0 2 0 2 0 0 1 0 0 0 0 1 0]
 [0 0 0 2 0 0 0 0 0 0 0 0 0 0 0 0 3]
 [0 0 0 0 1 0 0 0 0 4 0 0 0 0 1 0 0]
 [0 0 0 0 0 1 0 5 0 0 0 0 0 0 0 0 0]
 [0 0 0 0 0 0 0 1 0 0 0 0 0 0 0 0 1]
 [0 0 0 0 0 2 0 0 0 0 0 0 0 0 0 2 0]
 [0 0 0 3 0 0 0 0 0 0 0 0 0 1 0 0 1]
 [0 0 0 0 0 0 0 0 0 5 0 0 0 0 1 0 0]
 [0 0 0 0 0 0 0 0 0 0 1 0 2 0 0 2 0]
 [0 0 0 0 0 0 0 0 0 0 0 1 0 0 0 0 3]]
1600   29.3    82
[[8 0 0 0 0 0 0 0 0 0 0 0 0 0 0 0 0]
 [0 0 0 0 0 0 0 0 0 0 0 0 0 0 0 0 0]
 [0 0 0 0 0 2 0 2 0 0 0 0 1 0 0 1 0]
 [0 0 0 1 0 0 1 0 2 0 0 0 0 0 0 0 0]
 [0 0 0 0 2 0 0 0 0 3 0 0 0 0 0 0 0]
 [0 0 0 0 0 0 0 3 0 0 0 0 2 0 0 1 0]
 [0 0 0 0 0 0 1 0 0 0 0 3 0 0 0 0 0]
 [0 0 0 0 0 1 0 2 0 0 2 0 0 0 0 1 0]
 [0 0 0 0 0 0 0 0 1 0 0 0 0 1 0 0 3]
 [0 0 0 0 2 0 0 0 0 4 0 0 0 0 0 0 0]
 [0 0 0 0 0 1 0 5 0 0 0 0 0 0 0 0 0]
 [0 0 0 0 0 0 0 1 0 0 0 0 0 0 0 0 1]
 [0 0 0 0 0 1 0 0 0 0 0 0 0 0 0 3 0]
 [0 0 0 1 0 0 0 0 0 0 0 0 0 3 0 0 1]
 [0 0 0 0 1 0 0 0 0 5 0 0 0 0 0 0 0]
 [0 0 0 0 0 0 0 0 0 0 1 0 3 0 0 1 0]
 [0 0 0 0 0 0 0 0 0 0 0 1 0 0 0 0 3]]
2000   31.7    82
[[8 0 0 0 0 0 0 0 0 0 0 0 0 0 0 0 0]
 [0 0 0 0 0 0 0 0 0 0 0 0 0 0 0 0 0]
 [0 0 1 0 0 2 0 0 0 0 1 0 1 0 0 1 0]
 [0 0 0 1 0 0 1 0 2 0 0 0 0 0 0 0 0]
 [0 0 0 0 2 0 0 0 0 2 0 0 0 0 1 0 0]
 [0 0 1 0 0 0 0 0 0 0 0 0 3 0 0 2 0]
 [0 0 0 0 0 0 0 0 0 0 0 3 0 0 0 0 1]
 [0 0 0 0 0 1 0 2 0 0 2 0 0 0 0 1 0]
 [0 0 0 0 0 0 0 0 1 0 0 0 0 3 0 0 1]
 [0 0 0 0 1 0 0 0 0 5 0 0 0 0 0 0 0]
 [0 0 1 0 0 1 0 4 0 0 0 0 0 0 0 0 0]
 [0 0 0 0 0 0 1 1 0 0 0 0 0 0 0 0 0]
 [0 0 0 0 0 1 0 0 0 0 0 0 0 0 0 3 0]
 [0 0 0 2 0 0 0 0 0 0 0 0 0 2 0 0 1]
 [0 0 0 0 2 0 0 0 0 4 0 0 0 0 0 0 0]
 [0 0 0 0 0 0 0 0 0 0 0 0 2 0 0 3 0]
 [0 0 0 0 0 0 0 0 0 0 0 2 0 0 0 0 2]]
2400   32.9    82
[[8 0 0 0 0 0 0 0 0 0 0 0 0 0 0 0 0]
 [0 0 0 0 0 0 0 0 0 0 0 0 0 0 0 0 0]
 [0 0 1 0 0 2 0 0 0 0 1 0 0 0 0 2 0]
 [0 0 0 1 0 0 1 0 2 0 0 0 0 0 0 0 0]
 [0 0 0 0 2 0 0 0 0 2 0 0 0 0 1 0 0]
 [0 0 0 0 0 1 0 3 0 0 0 0 0 0 0 2 0]
 [0 0 0 0 0 0 1 0 0 0 0 3 0 0 0 0 0]
 [0 0 0 0 0 2 0 2 0 0 1 0 0 0 0 1 0]
 [0 0 0 0 0 0 0 0 2 0 0 0 0 3 0 0 0]
 [0 0 0 0 2 0 0 0 0 3 0 0 0 0 1 0 0]
 [0 0 0 0 0 1 0 5 0 0 0 0 0 0 0 0 0]
 [0 0 0 0 0 0 1 1 0 0 0 0 0 0 0 0 0]
 [0 0 0 0 0 1 0 0 0 0 0 0 0 0 0 3 0]
 [0 0 0 0 0 0 0 0 1 0 0 0 0 3 0 0 1]
 [0 0 0 0 1 0 0 0 0 2 0 0 0 0 3 0 0]
 [0 0 0 0 0 0 0 0 0 0 0 0 2 0 0 3 0]
 [0 0 0 0 0 0 0 0 0 0 0 2 0 0 0 0 2]]
2800   39.0    82
[[8 0 0 0 0 0 0 0 0 0 0 0 0 0 0 0 0]
 [0 0 0 0 0 0 0 0 0 0 0 0 0 0 0 0 0]
 [0 0 3 0 0 0 0 2 0 0 1 0 0 0 0 0 0]
 [0 0 0 2 0 0 0 0 2 0 0 0 0 0 0 0 0]
 [0 0 0 0 2 0 0 0 0 2 0 0 0 0 1 0 0]
 [0 0 3 0 0 0 0 3 0 0 0 0 0 0 0 0 0]
 [0 0 0 0 0 0 1 0 0 0 0 3 0 0 0 0 0]
 [0 0 1 0 0 1 0 2 0 0 1 0 0 0 0 1 0]
 [0 0 0 3 0 0 0 0 1 0 0 0 0 1 0 0 0]
 [0 0 0 0 3 0 0 0 0 3 0 0 0 0 0 0 0]
 [0 0 0 0 0 1 0 5 0 0 0 0 0 0 0 0 0]
 [0 0 0 0 1 0 0 0 0 0 0 1 0 0 0 0 0]
 [0 0 4 0 0 0 0 0 0 0 0 0 0 0 0 0 0]
 [0 0 0 2 0 0 0 0 0 0 0 0 0 2 0 0 1]
 [0 0 0 0 2 0 0 0 0 3 0 0 0 0 1 0 0]
 [0 0 0 0 0 1 0 1 0 0 0 0 2 0 0 1 0]
 [0 0 0 0 0 0 0 0 0 0 0 2 0 0 0 0 2]]
3200   35.4    82
[[8 0 0 0 0 0 0 0 0 0 0 0 0 0 0 0 0]
 [0 0 0 0 0 0 0 0 0 0 0 0 0 0 0 0 0]
 [0 0 0 0 0 4 0 2 0 0 0 0 0 0 0 0 0]
 [0 0 0 1 0 0 1 0 2 0 0 0 0 0 0 0 0]
 [0 0 0 0 3 0 0 0 0 1 0 0 0 0 1 0 0]
 [0 0 1 0 0 1 0 3 0 0 0 0 1 0 0 0 0]
 [0 0 0 0 0 0 1 0 0 0 0 3 0 0 0 0 0]
 [0 0 0 0 0 2 0 2 0 0 1 0 0 0 0 1 0]
 [0 0 0 0 0 0 0 0 1 0 0 3 0 1 0 0 0]
 [0 0 0 0 3 0 0 0 0 2 0 0 0 0 1 0 0]
 [0 0 0 0 0 1 0 5 0 0 0 0 0 0 0 0 0]
 [0 0 0 0 0 0 0 0 0 1 0 1 0 0 0 0 0]
 [0 0 0 0 0 2 0 0 0 0 0 0 0 0 0 2 0]
 [0 0 0 2 0 0 0 0 0 0 0 0 0 2 0 0 1]
 [0 0 0 0 1 0 0 0 0 2 0 0 0 0 3 0 0]
 [0 0 0 0 0 2 0 0 0 0 0 0 2 0 0 1 0]
 [0 0 0 0 0 0 0 0 0 0 0 2 0 0 0 0 2]]
3600   34.1    82
[[8 0 0 0 0 0 0 0 0 0 0 0 0 0 0 0 0]
 [0 0 0 0 0 0 0 0 0 0 0 0 0 0 0 0 0]
 [0 0 1 0 0 2 0 2 0 0 1 0 0 0 0 0 0]
 [0 0 0 2 0 0 0 0 2 0 0 0 0 0 0 0 0]
 [0 0 0 0 3 0 0 0 0 1 0 0 0 0 1 0 0]
 [0 0 2 0 0 1 0 2 0 0 0 0 1 0 0 0 0]
 [0 0 0 0 0 0 1 0 0 0 0 3 0 0 0 0 0]
 [0 0 1 0 0 1 0 2 0 0 1 0 0 0 0 1 0]
 [0 0 0 0 0 0 0 0 2 0 0 0 0 3 0 0 0]
 [0 0 0 0 2 0 0 0 0 3 0 0 0 0 1 0 0]
 [0 0 0 0 0 1 0 5 0 0 0 0 0 0 0 0 0]
 [0 0 0 0 0 0 0 1 0 0 0 1 0 0 0 0 0]
 [0 0 1 0 0 0 0 0 0 0 0 0 1 0 0 2 0]
 [0 0 0 2 0 0 0 0 0 0 0 0 0 2 0 0 1]
 [0 0 0 0 1 0 0 0 0 2 0 0 0 0 3 0 0]
 [0 0 0 0 0 1 0 0 0 0 0 0 3 0 0 1 0]
 [0 0 0 0 0 0 0 0 0 0 0 2 0 0 0 0 2]]
4000   40.2    82
[[8 0 0 0 0 0 0 0 0 0 0 0 0 0 0 0 0]
 [0 0 0 0 0 0 0 0 0 0 0 0 0 0 0 0 0]
 [0 0 0 0 0 4 0 2 0 0 0 0 0 0 0 0 0]
 [0 0 0 2 0 0 0 0 2 0 0 0 0 0 0 0 0]
 [0 0 0 0 3 0 0 0 0 1 0 0 0 0 1 0 0]
 [0 0 1 0 0 1 0 2 0 0 0 0 1 0 0 1 0]
 [0 0 0 0 0 0 1 0 0 0 0 3 0 0 0 0 0]
 [0 0 1 0 0 1 0 1 0 0 2 0 0 0 0 1 0]
 [0 0 0 1 0 0 0 0 3 0 0 0 0 1 0 0 0]
 [0 0 0 0 3 0 0 0 0 2 0 0 0 0 1 0 0]
 [0 0 0 0 0 1 0 5 0 0 0 0 0 0 0 0 0]
 [0 0 0 0 0 0 1 1 0 0 0 0 0 0 0 0 0]
 [0 0 0 0 0 1 0 0 0 0 0 0 0 0 0 3 0]
 [0 0 0 2 0 0 0 0 0 0 0 0 0 2 0 0 1]
 [0 0 0 0 1 0 0 0 0 2 0 0 0 0 3 0 0]
 [0 0 0 0 0 1 0 0 0 0 0 0 3 0 0 1 0]
 [0 0 0 0 0 0 1 0 0 0 0 1 0 0 0 0 2]]
4400   35.4    82
[[8 0 0 0 0 0 0 0 0 0 0 0 0 0 0 0 0]
 [0 0 0 0 0 0 0 0 0 0 0 0 0 0 0 0 0]
 [0 0 2 0 0 2 0 2 0 0 0 0 0 0 0 0 0]
 [0 0 0 2 0 0 0 0 2 0 0 0 0 0 0 0 0]
 [0 0 0 0 3 0 0 0 0 2 0 0 0 0 0 0 0]
 [0 0 5 0 0 1 0 0 0 0 0 0 0 0 0 0 0]
 [0 0 0 0 0 0 1 0 0 0 0 3 0 0 0 0 0]
 [0 0 1 0 0 1 0 1 0 0 2 0 0 0 0 1 0]
 [0 0 0 2 0 0 0 0 1 0 0 0 0 2 0 0 0]
 [0 0 0 0 3 0 0 0 0 2 0 0 0 0 1 0 0]
 [0 0 0 0 0 1 0 5 0 0 0 0 0 0 0 0 0]
 [0 0 0 0 0 0 0 0 0 1 0 1 0 0 0 0 0]
 [0 0 1 0 0 0 0 0 0 0 0 0 0 0 0 3 0]
 [0 0 0 2 0 0 0 0 0 0 0 0 0 2 0 0 1]
 [0 0 0 0 1 0 0 0 0 1 0 0 0 0 4 0 0]
 [0 0 0 0 0 2 0 0 0 0 0 0 2 0 0 1 0]
 [0 0 0 0 0 0 1 0 0 0 0 1 0 0 0 0 2]]
4800   37.8    82
[[8 0 0 0 0 0 0 0 0 0 0 0 0 0 0 0 0]
 [0 0 0 0 0 0 0 0 0 0 0 0 0 0 0 0 0]
 [0 0 1 0 0 3 0 2 0 0 0 0 0 0 0 0 0]
 [0 0 0 2 0 0 0 0 2 0 0 0 0 0 0 0 0]
 [0 0 0 0 3 0 0 0 0 2 0 0 0 0 0 0 0]
 [0 0 4 0 0 1 0 1 0 0 0 0 0 0 0 0 0]
 [0 0 0 0 0 0 1 0 0 0 0 3 0 0 0 0 0]
 [0 0 1 0 0 1 0 0 0 0 3 0 0 0 0 1 0]
 [0 0 0 2 0 0 0 0 2 0 0 0 0 1 0 0 0]
 [0 0 0 0 2 0 0 0 0 4 0 0 0 0 0 0 0]
 [0 0 0 0 0 1 0 5 0 0 0 0 0 0 0 0 0]
 [0 0 0 0 0 0 0 1 0 0 0 1 0 0 0 0 0]
 [0 0 1 0 0 1 0 0 0 0 0 0 0 0 0 2 0]
 [0 0 0 2 0 0 0 0 0 0 0 0 0 3 0 0 0]
 [0 0 0 0 1 0 0 0 0 3 0 0 0 0 2 0 0]
 [0 0 1 0 0 1 0 0 0 0 0 0 2 0 0 1 0]
 [0 0 0 0 0 0 0 0 0 0 0 2 0 0 0 0 2]]
5200   37.8    82
[[8 0 0 0 0 0 0 0 0 0 0 0 0 0 0 0 0]
 [0 0 0 0 0 0 0 0 0 0 0 0 0 0 0 0 0]
 [0 0 1 0 0 3 0 2 0 0 0 0 0 0 0 0 0]
 [0 0 0 2 0 0 0 0 2 0 0 0 0 0 0 0 0]
 [0 0 0 0 3 0 0 0 0 2 0 0 0 0 0 0 0]
 [0 0 5 0 0 1 0 0 0 0 0 0 0 0 0 0 0]
 [0 0 0 0 0 0 1 0 0 0 0 3 0 0 0 0 0]
 [0 0 1 0 0 1 0 0 0 0 3 0 0 0 0 1 0]
 [0 0 0 1 0 0 0 0 3 0 0 0 0 1 0 0 0]
 [0 0 0 0 3 0 0 0 0 2 0 0 0 0 1 0 0]
 [0 0 0 0 0 1 0 5 0 0 0 0 0 0 0 0 0]
 [0 0 0 0 0 0 1 0 0 1 0 0 0 0 0 0 0]
 [0 0 1 0 0 0 0 0 0 0 0 0 0 0 0 3 0]
 [0 0 0 2 0 0 0 0 0 0 0 0 0 2 0 0 1]
 [0 0 0 0 2 0 0 0 0 0 0 0 0 0 4 0 0]
 [0 0 0 0 0 1 0 0 0 0 0 0 3 0 0 1 0]
 [0 0 0 0 0 0 1 0 0 0 0 1 0 0 0 0 2]]
5600   36.6    82
[[8 0 0 0 0 0 0 0 0 0 0 0 0 0 0 0 0]
 [0 0 0 0 0 0 0 0 0 0 0 0 0 0 0 0 0]
 [0 0 0 0 0 4 0 2 0 0 0 0 0 0 0 0 0]
 [0 0 0 3 0 0 0 0 1 0 0 0 0 0 0 0 0]
 [0 0 0 0 3 0 0 0 0 2 0 0 0 0 0 0 0]
 [0 0 4 0 0 0 0 2 0 0 0 0 0 0 0 0 0]
 [0 0 0 0 0 0 1 0 0 0 0 3 0 0 0 0 0]
 [0 0 1 0 0 1 0 0 0 0 3 0 0 0 0 1 0]
 [0 0 0 3 0 0 0 0 1 0 0 0 0 1 0 0 0]
 [0 0 0 0 2 0 0 0 0 4 0 0 0 0 0 0 0]
 [0 0 0 0 0 1 0 5 0 0 0 0 0 0 0 0 0]
 [0 0 0 0 0 0 0 1 0 0 0 1 0 0 0 0 0]
 [0 0 1 0 0 0 0 0 0 0 0 0 0 0 0 3 0]
 [0 0 0 2 0 0 0 0 0 0 0 0 0 2 0 0 1]
 [0 0 0 0 2 0 0 0 0 0 0 0 0 0 4 0 0]
 [0 0 0 0 0 1 0 0 0 0 0 0 3 0 0 1 0]
 [0 0 0 0 0 0 0 0 0 0 0 2 0 0 0 0 2]]
6000   36.6    82
[[8 0 0 0 0 0 0 0 0 0 0 0 0 0 0 0 0]
 [0 0 0 0 0 0 0 0 0 0 0 0 0 0 0 0 0]
 [0 0 3 0 0 1 0 2 0 0 0 0 0 0 0 0 0]
 [0 0 0 3 0 0 0 0 1 0 0 0 0 0 0 0 0]
 [0 0 0 0 3 0 0 0 0 2 0 0 0 0 0 0 0]
 [0 0 6 0 0 0 0 0 0 0 0 0 0 0 0 0 0]
 [0 0 0 0 0 0 1 0 0 0 0 3 0 0 0 0 0]
 [0 0 1 0 0 1 0 0 0 0 3 0 0 0 0 1 0]
 [0 0 0 3 0 0 0 0 1 0 0 0 0 1 0 0 0]
 [0 0 0 0 3 0 0 0 0 3 0 0 0 0 0 0 0]
 [0 0 0 0 0 1 0 5 0 0 0 0 0 0 0 0 0]
 [0 0 0 0 0 0 0 0 0 1 0 1 0 0 0 0 0]
 [0 0 1 0 0 0 0 0 0 0 0 0 0 0 0 3 0]
 [0 0 0 2 0 0 0 0 0 0 0 0 0 3 0 0 0]
 [0 0 0 0 2 0 0 0 0 0 0 0 0 0 4 0 0]
 [0 0 1 0 0 1 0 0 0 0 0 0 2 0 0 1 0]
 [0 0 0 0 0 0 1 0 0 0 0 1 0 0 0 0 2]]
6400   40.2    82
[[8 0 0 0 0 0 0 0 0 0 0 0 0 0 0 0 0]
 [0 0 0 0 0 0 0 0 0 0 0 0 0 0 0 0 0]
 [0 0 2 0 0 2 0 2 0 0 0 0 0 0 0 0 0]
 [0 0 0 3 0 0 0 0 1 0 0 0 0 0 0 0 0]
 [0 0 0 0 3 0 0 0 0 2 0 0 0 0 0 0 0]
 [0 0 6 0 0 0 0 0 0 0 0 0 0 0 0 0 0]
 [0 0 0 0 0 0 1 0 0 0 0 3 0 0 0 0 0]
 [0 0 1 0 0 1 0 1 0 0 2 0 0 0 0 1 0]
 [0 0 0 3 0 0 0 0 1 0 0 0 0 1 0 0 0]
 [0 0 0 0 2 0 0 0 0 4 0 0 0 0 0 0 0]
 [0 0 0 0 0 1 0 5 0 0 0 0 0 0 0 0 0]
 [0 0 0 0 0 0 1 0 0 1 0 0 0 0 0 0 0]
 [0 0 1 0 0 0 0 0 0 0 0 0 1 0 0 2 0]
 [0 0 0 2 0 0 0 0 0 0 0 0 0 3 0 0 0]
 [0 0 0 0 2 0 0 0 0 0 0 0 0 0 4 0 0]
 [0 0 0 0 0 1 0 0 0 0 0 0 3 0 0 1 0]
 [0 0 0 0 0 0 1 0 0 0 0 1 0 0 0 0 2]]
6800   41.5    82
[[8 0 0 0 0 0 0 0 0 0 0 0 0 0 0 0 0]
 [0 0 0 0 0 0 0 0 0 0 0 0 0 0 0 0 0]
 [0 0 1 0 0 3 0 2 0 0 0 0 0 0 0 0 0]
 [0 0 0 3 0 0 0 0 1 0 0 0 0 0 0 0 0]
 [0 0 0 0 3 0 0 0 0 2 0 0 0 0 0 0 0]
 [0 0 5 0 0 0 0 1 0 0 0 0 0 0 0 0 0]
 [0 0 0 0 0 0 1 0 0 0 0 3 0 0 0 0 0]
 [0 0 1 0 0 1 0 1 0 0 2 0 0 0 0 1 0]
 [0 0 0 1 0 0 0 0 3 0 0 0 0 1 0 0 0]
 [0 0 0 0 2 0 0 0 0 4 0 0 0 0 0 0 0]
 [0 0 0 0 0 1 0 5 0 0 0 0 0 0 0 0 0]
 [0 0 0 0 0 0 0 0 0 1 0 1 0 0 0 0 0]
 [0 0 1 0 0 0 0 0 0 0 0 0 0 0 0 3 0]
 [0 0 0 2 0 0 0 0 0 0 0 0 0 2 0 0 1]
 [0 0 0 0 2 0 0 0 0 0 0 0 0 0 4 0 0]
 [0 0 0 0 0 1 0 0 0 0 0 0 3 0 0 1 0]
 [0 0 0 0 0 0 0 0 0 0 0 2 0 0 0 0 2]]
7200   41.5    82
[[8 0 0 0 0 0 0 0 0 0 0 0 0 0 0 0 0]
 [0 0 0 0 0 0 0 0 0 0 0 0 0 0 0 0 0]
 [0 0 0 0 0 4 0 2 0 0 0 0 0 0 0 0 0]
 [0 0 0 3 0 0 0 0 1 0 0 0 0 0 0 0 0]
 [0 0 0 0 3 0 0 0 0 2 0 0 0 0 0 0 0]
 [0 0 5 0 0 0 0 1 0 0 0 0 0 0 0 0 0]
 [0 0 0 0 0 0 1 0 0 0 0 3 0 0 0 0 0]
 [0 0 1 0 0 1 0 1 0 0 2 0 0 0 0 1 0]
 [0 0 0 3 0 0 0 0 1 0 0 0 0 1 0 0 0]
 [0 0 0 0 2 0 0 0 0 4 0 0 0 0 0 0 0]
 [0 0 0 0 0 1 0 5 0 0 0 0 0 0 0 0 0]
 [0 0 0 0 0 0 0 0 0 1 0 1 0 0 0 0 0]
 [0 0 1 0 0 0 0 0 0 0 0 0 1 0 0 2 0]
 [0 0 0 2 0 0 0 0 0 0 0 0 0 2 0 0 1]
 [0 0 0 0 2 0 0 0 0 0 0 0 0 0 4 0 0]
 [0 0 0 0 0 1 0 0 0 0 0 0 4 0 0 0 0]
 [0 0 0 0 0 0 1 0 0 0 0 1 0 0 0 0 2]]
7600   37.8    82
[[8 0 0 0 0 0 0 0 0 0 0 0 0 0 0 0 0]
 [0 0 0 0 0 0 0 0 0 0 0 0 0 0 0 0 0]
 [0 0 0 0 0 4 0 2 0 0 0 0 0 0 0 0 0]
 [0 0 0 3 0 0 0 0 1 0 0 0 0 0 0 0 0]
 [0 0 0 0 3 0 0 0 0 2 0 0 0 0 0 0 0]
 [0 0 5 0 0 0 0 1 0 0 0 0 0 0 0 0 0]
 [0 0 0 0 0 0 1 0 0 0 0 3 0 0 0 0 0]
 [0 0 1 0 0 1 0 1 0 0 2 0 0 0 0 1 0]
 [0 0 0 3 0 0 0 0 1 0 0 0 0 1 0 0 0]
 [0 0 0 0 2 0 0 0 0 4 0 0 0 0 0 0 0]
 [0 0 0 0 0 1 0 5 0 0 0 0 0 0 0 0 0]
 [0 0 0 0 0 0 0 0 0 1 0 1 0 0 0 0 0]
 [0 0 1 0 0 0 0 0 0 0 0 0 0 0 0 3 0]
 [0 0 0 2 0 0 0 0 0 0 0 0 0 2 0 0 1]
 [0 0 0 0 2 0 0 0 0 0 0 0 0 0 4 0 0]
 [0 0 0 0 0 2 0 0 0 0 0 0 2 0 0 1 0]
 [0 0 0 0 0 0 0 0 0 0 0 1 0 0 0 0 3]]
8000   39.0    82
[[8 0 0 0 0 0 0 0 0 0 0 0 0 0 0 0 0]
 [0 0 0 0 0 0 0 0 0 0 0 0 0 0 0 0 0]
 [0 0 1 0 0 3 0 2 0 0 0 0 0 0 0 0 0]
 [0 0 0 3 0 0 0 0 1 0 0 0 0 0 0 0 0]
 [0 0 0 0 3 0 0 0 0 2 0 0 0 0 0 0 0]
 [0 0 3 0 0 1 0 1 0 0 0 0 0 0 0 1 0]
 [0 0 0 0 0 0 1 0 0 0 0 3 0 0 0 0 0]
 [0 0 1 0 0 1 0 0 0 0 3 0 0 0 0 1 0]
 [0 0 0 0 0 0 0 0 4 0 0 0 0 1 0 0 0]
 [0 0 0 0 2 0 0 0 0 4 0 0 0 0 0 0 0]
 [0 0 0 0 0 1 0 5 0 0 0 0 0 0 0 0 0]
 [0 0 0 0 0 0 0 0 0 1 0 1 0 0 0 0 0]
 [0 0 1 0 0 0 0 0 0 0 0 0 1 0 0 2 0]
 [0 0 0 2 0 0 0 0 0 0 0 0 0 1 0 0 2]
 [0 0 0 0 2 0 0 0 0 0 0 0 0 0 4 0 0]
 [0 0 0 0 0 1 0 0 0 0 0 0 4 0 0 0 0]
 [0 0 0 0 0 0 0 0 0 0 0 1 0 0 0 0 3]]
8400   42.7    82
[[8 0 0 0 0 0 0 0 0 0 0 0 0 0 0 0 0]
 [0 0 0 0 0 0 0 0 0 0 0 0 0 0 0 0 0]
 [0 0 2 0 0 2 0 2 0 0 0 0 0 0 0 0 0]
 [0 0 0 3 0 0 0 0 1 0 0 0 0 0 0 0 0]
 [0 0 0 0 3 0 0 0 0 2 0 0 0 0 0 0 0]
 [0 0 6 0 0 0 0 0 0 0 0 0 0 0 0 0 0]
 [0 0 0 0 0 0 1 0 0 0 0 3 0 0 0 0 0]
 [0 0 1 0 0 1 0 1 0 0 2 0 0 0 0 1 0]
 [0 0 0 2 0 0 0 0 2 0 0 0 0 1 0 0 0]
 [0 0 0 0 2 0 0 0 0 4 0 0 0 0 0 0 0]
 [0 0 0 0 0 1 0 5 0 0 0 0 0 0 0 0 0]
 [0 0 0 0 0 0 0 0 0 1 0 1 0 0 0 0 0]
 [0 0 1 0 0 0 0 0 0 0 0 0 1 0 0 2 0]
 [0 0 0 2 0 0 0 0 0 0 0 0 0 2 0 0 1]
 [0 0 0 0 2 0 0 0 0 0 0 0 0 0 4 0 0]
 [0 0 0 0 0 1 0 0 0 0 0 0 4 0 0 0 0]
 [0 0 0 0 0 0 1 0 0 0 0 1 0 0 0 0 2]]
8800   41.5    82
[[8 0 0 0 0 0 0 0 0 0 0 0 0 0 0 0 0]
 [0 0 0 0 0 0 0 0 0 0 0 0 0 0 0 0 0]
 [0 0 1 0 0 3 0 2 0 0 0 0 0 0 0 0 0]
 [0 0 0 3 0 0 0 0 1 0 0 0 0 0 0 0 0]
 [0 0 0 0 3 0 0 0 0 2 0 0 0 0 0 0 0]
 [0 0 6 0 0 0 0 0 0 0 0 0 0 0 0 0 0]
 [0 0 0 0 0 0 1 0 0 0 0 3 0 0 0 0 0]
 [0 0 1 0 0 1 0 0 0 0 3 0 0 0 0 1 0]
 [0 0 0 3 0 0 0 0 1 0 0 0 0 1 0 0 0]
 [0 0 0 0 2 0 0 0 0 4 0 0 0 0 0 0 0]
 [0 0 0 0 0 1 0 5 0 0 0 0 0 0 0 0 0]
 [0 0 0 0 0 0 0 1 0 0 0 1 0 0 0 0 0]
 [0 0 1 0 0 0 0 0 0 0 0 0 1 0 0 2 0]
 [0 0 0 2 0 0 0 0 0 0 0 0 0 2 0 0 1]
 [0 0 0 0 2 0 0 0 0 0 0 0 0 0 4 0 0]
 [0 0 0 0 0 1 0 0 0 0 0 0 4 0 0 0 0]
 [0 0 0 0 0 0 0 0 0 0 0 1 0 0 0 0 3]]
9200   39.0    82
[[8 0 0 0 0 0 0 0 0 0 0 0 0 0 0 0 0]
 [0 0 0 0 0 0 0 0 0 0 0 0 0 0 0 0 0]
 [0 0 0 0 0 4 0 2 0 0 0 0 0 0 0 0 0]
 [0 0 0 3 0 0 0 0 1 0 0 0 0 0 0 0 0]
 [0 0 0 0 3 0 0 0 0 2 0 0 0 0 0 0 0]
 [0 0 3 0 0 2 0 0 0 0 0 0 0 0 0 1 0]
 [0 0 0 0 0 0 1 0 0 0 0 3 0 0 0 0 0]
 [0 0 1 0 0 1 0 0 0 0 3 0 0 0 0 1 0]
 [0 0 0 0 0 0 0 0 4 0 0 0 0 1 0 0 0]
 [0 0 0 0 2 0 0 0 0 4 0 0 0 0 0 0 0]
 [0 0 0 0 0 1 0 5 0 0 0 0 0 0 0 0 0]
 [0 0 0 0 0 0 0 0 0 1 0 1 0 0 0 0 0]
 [0 0 1 0 0 0 0 0 0 0 0 0 0 0 0 3 0]
 [0 0 0 2 0 0 0 0 0 0 0 0 0 2 0 0 1]
 [0 0 0 0 2 0 0 0 0 0 0 0 0 0 4 0 0]
 [0 0 0 0 0 1 0 0 0 0 0 0 3 0 0 1 0]
 [0 0 0 0 0 0 0 0 0 0 0 1 0 0 0 0 3]]
9600   43.9    82
[[8 0 0 0 0 0 0 0 0 0 0 0 0 0 0 0 0]
 [0 0 0 0 0 0 0 0 0 0 0 0 0 0 0 0 0]
 [0 0 0 0 0 4 0 2 0 0 0 0 0 0 0 0 0]
 [0 0 0 3 0 0 0 0 1 0 0 0 0 0 0 0 0]
 [0 0 0 0 3 0 0 0 0 2 0 0 0 0 0 0 0]
 [0 0 6 0 0 0 0 0 0 0 0 0 0 0 0 0 0]
 [0 0 0 0 0 0 1 0 0 0 0 3 0 0 0 0 0]
 [0 0 1 0 0 1 0 0 0 0 3 0 0 0 0 1 0]
 [0 0 0 3 0 0 0 0 1 0 0 0 0 1 0 0 0]
 [0 0 0 0 2 0 0 0 0 4 0 0 0 0 0 0 0]
 [0 0 0 0 0 1 0 5 0 0 0 0 0 0 0 0 0]
 [0 0 0 0 0 0 0 1 0 0 0 1 0 0 0 0 0]
 [0 0 1 0 0 0 0 0 0 0 0 0 1 0 0 2 0]
 [0 0 0 2 0 0 0 0 0 0 0 0 0 1 0 0 2]
 [0 0 0 0 2 0 0 0 0 0 0 0 0 0 4 0 0]
 [0 0 0 0 0 1 0 0 0 0 0 0 3 0 0 1 0]
 [0 0 0 0 0 0 0 0 0 0 0 1 0 0 0 0 3]]
10000   37.8    82
[[8 0 0 0 0 0 0 0 0 0 0 0 0 0 0 0 0]
 [0 0 0 0 0 0 0 0 0 0 0 0 0 0 0 0 0]
 [0 0 1 0 0 3 0 2 0 0 0 0 0 0 0 0 0]
 [0 0 0 3 0 0 0 0 1 0 0 0 0 0 0 0 0]
 [0 0 0 0 3 0 0 0 0 2 0 0 0 0 0 0 0]
 [0 0 6 0 0 0 0 0 0 0 0 0 0 0 0 0 0]
 [0 0 0 0 0 0 1 0 0 0 0 3 0 0 0 0 0]
 [0 0 1 0 0 1 0 0 0 0 3 0 0 0 0 1 0]
 [0 0 0 2 0 0 0 0 2 0 0 0 0 1 0 0 0]
 [0 0 0 0 3 0 0 0 0 3 0 0 0 0 0 0 0]
 [0 0 0 0 0 1 0 5 0 0 0 0 0 0 0 0 0]
 [0 0 0 0 0 0 0 1 0 0 0 1 0 0 0 0 0]
 [0 0 1 0 0 0 0 0 0 0 0 0 0 0 0 3 0]
 [0 0 0 2 0 0 0 0 0 0 0 0 0 2 0 0 1]
 [0 0 0 0 2 0 0 0 0 0 0 0 0 0 4 0 0]
 [0 0 0 0 0 1 0 0 0 0 0 0 3 0 0 1 0]
 [0 0 0 0 0 0 0 0 0 0 0 1 0 0 0 0 3]]
10400   39.0    82
[[8 0 0 0 0 0 0 0 0 0 0 0 0 0 0 0 0]
 [0 0 0 0 0 0 0 0 0 0 0 0 0 0 0 0 0]
 [0 0 0 0 0 4 0 2 0 0 0 0 0 0 0 0 0]
 [0 0 0 3 0 0 0 0 1 0 0 0 0 0 0 0 0]
 [0 0 0 0 3 0 0 0 0 2 0 0 0 0 0 0 0]
 [0 0 6 0 0 0 0 0 0 0 0 0 0 0 0 0 0]
 [0 0 0 0 0 0 1 0 0 0 0 3 0 0 0 0 0]
 [0 0 1 0 0 1 0 0 0 0 4 0 0 0 0 0 0]
 [0 0 0 2 0 0 0 0 2 0 0 0 0 1 0 0 0]
 [0 0 0 0 2 0 0 0 0 4 0 0 0 0 0 0 0]
 [0 0 0 0 0 1 0 5 0 0 0 0 0 0 0 0 0]
 [0 0 0 0 0 0 0 1 0 0 0 1 0 0 0 0 0]
 [0 0 1 0 0 0 0 0 0 0 0 0 1 0 0 2 0]
 [0 0 0 2 0 0 0 0 0 0 0 0 0 2 0 0 1]
 [0 0 0 0 2 0 0 0 0 0 0 0 0 0 4 0 0]
 [0 0 0 0 0 1 0 0 0 0 0 0 4 0 0 0 0]
 [0 0 0 0 0 0 0 0 0 0 0 1 0 0 0 0 3]]
10800   39.0    82
[[8 0 0 0 0 0 0 0 0 0 0 0 0 0 0 0 0]
 [0 0 0 0 0 0 0 0 0 0 0 0 0 0 0 0 0]
 [0 0 0 0 0 4 0 2 0 0 0 0 0 0 0 0 0]
 [0 0 0 3 0 0 0 0 1 0 0 0 0 0 0 0 0]
 [0 0 0 0 3 0 0 0 0 2 0 0 0 0 0 0 0]
 [0 0 3 0 0 2 0 0 0 0 0 0 0 0 0 1 0]
 [0 0 0 0 0 0 1 0 0 0 0 3 0 0 0 0 0]
 [0 0 0 0 0 2 0 0 0 0 3 0 0 0 0 1 0]
 [0 0 0 1 0 0 0 0 3 0 0 0 0 1 0 0 0]
 [0 0 0 0 2 0 0 0 0 4 0 0 0 0 0 0 0]
 [0 0 0 0 0 1 0 5 0 0 0 0 0 0 0 0 0]
 [0 0 0 0 0 0 0 0 0 1 0 1 0 0 0 0 0]
 [0 0 1 0 0 0 0 0 0 0 0 0 1 0 0 2 0]
 [0 0 0 2 0 0 0 0 0 0 0 0 0 2 0 0 1]
 [0 0 0 0 2 0 0 0 0 0 0 0 0 0 4 0 0]
 [0 0 0 0 0 1 0 0 0 0 0 0 4 0 0 0 0]
 [0 0 0 0 0 0 0 0 0 0 0 1 0 0 0 0 3]]
11200   42.7    82
[[8 0 0 0 0 0 0 0 0 0 0 0 0 0 0 0 0]
 [0 0 0 0 0 0 0 0 0 0 0 0 0 0 0 0 0]
 [0 0 1 0 0 3 0 2 0 0 0 0 0 0 0 0 0]
 [0 0 0 3 0 0 0 0 1 0 0 0 0 0 0 0 0]
 [0 0 0 0 3 0 0 0 0 2 0 0 0 0 0 0 0]
 [0 0 4 0 0 0 0 1 0 0 0 0 0 0 0 1 0]
 [0 0 0 0 0 0 1 0 0 0 0 3 0 0 0 0 0]
 [0 0 1 0 0 1 0 0 0 0 4 0 0 0 0 0 0]
 [0 0 0 0 0 0 0 0 4 0 0 0 0 1 0 0 0]
 [0 0 0 0 2 0 0 0 0 4 0 0 0 0 0 0 0]
 [0 0 0 0 0 1 0 5 0 0 0 0 0 0 0 0 0]
 [0 0 0 0 0 0 0 1 0 0 0 1 0 0 0 0 0]
 [0 0 1 0 0 0 0 0 0 0 0 0 0 0 0 3 0]
 [0 0 0 2 0 0 0 0 0 0 0 0 0 2 0 0 1]
 [0 0 0 0 2 0 0 0 0 0 0 0 0 0 4 0 0]
 [0 0 0 0 0 0 0 0 0 0 0 0 5 0 0 0 0]
 [0 0 0 0 0 0 0 0 0 0 0 1 0 0 0 0 3]]
11600   41.5    82
[[8 0 0 0 0 0 0 0 0 0 0 0 0 0 0 0 0]
 [0 0 0 0 0 0 0 0 0 0 0 0 0 0 0 0 0]
 [0 0 1 0 0 4 0 1 0 0 0 0 0 0 0 0 0]
 [0 0 0 3 0 0 0 0 1 0 0 0 0 0 0 0 0]
 [0 0 0 0 3 0 0 0 0 2 0 0 0 0 0 0 0]
 [0 0 6 0 0 0 0 0 0 0 0 0 0 0 0 0 0]
 [0 0 0 0 0 0 1 0 0 0 0 3 0 0 0 0 0]
 [0 0 1 0 0 1 0 0 0 0 4 0 0 0 0 0 0]
 [0 0 0 3 0 0 0 0 1 0 0 0 0 1 0 0 0]
 [0 0 0 0 2 0 0 0 0 4 0 0 0 0 0 0 0]
 [0 0 0 0 0 1 0 4 0 0 1 0 0 0 0 0 0]
 [0 0 0 0 0 0 0 0 0 1 0 1 0 0 0 0 0]
 [0 0 1 0 0 0 0 0 0 0 0 0 1 0 0 2 0]
 [0 0 0 2 0 0 0 0 0 0 0 0 0 3 0 0 0]
 [0 0 0 0 2 0 0 0 0 0 0 0 0 0 4 0 0]
 [0 0 0 0 0 0 0 0 0 0 0 0 5 0 0 0 0]
 [0 0 0 0 0 0 0 0 0 0 0 1 0 0 0 0 3]]
12000   41.5    82
[[8 0 0 0 0 0 0 0 0 0 0 0 0 0 0 0 0]
 [0 0 0 0 0 0 0 0 0 0 0 0 0 0 0 0 0]
 [0 0 0 0 0 5 0 1 0 0 0 0 0 0 0 0 0]
 [0 0 0 3 0 0 0 0 1 0 0 0 0 0 0 0 0]
 [0 0 0 0 3 0 0 0 0 2 0 0 0 0 0 0 0]
 [0 0 5 0 0 0 0 0 0 0 0 0 0 0 0 1 0]
 [0 0 0 0 0 0 1 0 0 0 0 3 0 0 0 0 0]
 [0 0 1 0 0 2 0 1 0 0 2 0 0 0 0 0 0]
 [0 0 0 3 0 0 0 0 1 0 0 0 0 1 0 0 0]
 [0 0 0 0 2 0 0 0 0 4 0 0 0 0 0 0 0]
 [0 0 0 0 0 1 0 5 0 0 0 0 0 0 0 0 0]
 [0 0 0 0 0 0 0 0 0 1 0 1 0 0 0 0 0]
 [0 0 1 0 0 0 0 0 0 0 0 0 1 0 0 2 0]
 [0 0 0 2 0 0 0 0 0 0 0 0 0 3 0 0 0]
 [0 0 0 0 2 0 0 0 0 0 0 0 0 0 4 0 0]
 [0 0 0 0 0 1 0 0 0 0 0 0 4 0 0 0 0]
 [0 0 0 0 0 0 0 0 0 0 0 1 0 0 0 0 3]]
12400   40.2    82
[[8 0 0 0 0 0 0 0 0 0 0 0 0 0 0 0 0]
 [0 0 0 0 0 0 0 0 0 0 0 0 0 0 0 0 0]
 [0 0 0 0 0 5 0 1 0 0 0 0 0 0 0 0 0]
 [0 0 0 3 0 0 0 0 1 0 0 0 0 0 0 0 0]
 [0 0 0 0 3 0 0 0 0 2 0 0 0 0 0 0 0]
 [0 0 5 0 0 0 0 0 0 0 0 0 0 0 0 1 0]
 [0 0 0 0 0 0 1 0 0 0 0 3 0 0 0 0 0]
 [0 0 0 0 0 1 0 0 0 0 5 0 0 0 0 0 0]
 [0 0 0 0 0 0 0 0 4 0 0 0 0 1 0 0 0]
 [0 0 0 0 2 0 0 0 0 4 0 0 0 0 0 0 0]
 [0 0 0 0 0 1 0 5 0 0 0 0 0 0 0 0 0]
 [0 0 0 0 0 0 0 0 0 1 0 1 0 0 0 0 0]
 [0 0 1 0 0 0 0 0 0 0 0 0 0 0 0 3 0]
 [0 0 0 2 0 0 0 0 0 0 0 0 0 2 0 0 1]
 [0 0 0 0 2 0 0 0 0 0 0 0 0 0 4 0 0]
 [0 0 0 0 0 0 0 0 0 0 0 0 4 0 0 1 0]
 [0 0 0 0 0 0 0 0 0 0 0 1 0 0 0 0 3]]
12800   41.5    82
[[8 0 0 0 0 0 0 0 0 0 0 0 0 0 0 0 0]
 [0 0 0 0 0 0 0 0 0 0 0 0 0 0 0 0 0]
 [0 0 0 0 0 5 0 1 0 0 0 0 0 0 0 0 0]
 [0 0 0 3 0 0 0 0 1 0 0 0 0 0 0 0 0]
 [0 0 0 0 3 0 0 0 0 2 0 0 0 0 0 0 0]
 [0 0 5 0 0 0 0 0 0 0 0 0 0 0 0 1 0]
 [0 0 0 0 0 0 1 0 0 0 0 3 0 0 0 0 0]
 [0 0 0 0 0 2 0 0 0 0 4 0 0 0 0 0 0]
 [0 0 0 1 0 0 0 0 3 0 0 0 0 1 0 0 0]
 [0 0 0 0 2 0 0 0 0 4 0 0 0 0 0 0 0]
 [0 0 0 0 0 1 0 5 0 0 0 0 0 0 0 0 0]
 [0 0 0 0 0 0 1 0 0 0 0 1 0 0 0 0 0]
 [0 0 1 0 0 0 0 0 0 0 0 0 1 0 0 2 0]
 [0 0 0 2 0 0 0 0 0 0 0 0 0 3 0 0 0]
 [0 0 0 0 2 0 0 0 0 0 0 0 0 0 4 0 0]
 [0 0 0 0 0 0 0 0 0 0 0 0 5 0 0 0 0]
 [0 0 0 0 0 0 0 0 0 0 0 1 0 0 0 0 3]]
13200   41.5    82
[[8 0 0 0 0 0 0 0 0 0 0 0 0 0 0 0 0]
 [0 0 0 0 0 0 0 0 0 0 0 0 0 0 0 0 0]
 [0 0 0 0 0 5 0 1 0 0 0 0 0 0 0 0 0]
 [0 0 0 3 0 0 0 0 1 0 0 0 0 0 0 0 0]
 [0 0 0 0 3 0 0 0 0 2 0 0 0 0 0 0 0]
 [0 0 4 0 0 0 0 1 0 0 0 0 0 0 0 1 0]
 [0 0 0 0 0 0 1 0 0 0 0 3 0 0 0 0 0]
 [0 0 0 0 0 1 0 0 0 0 5 0 0 0 0 0 0]
 [0 0 0 0 0 0 0 0 4 0 0 0 0 1 0 0 0]
 [0 0 0 0 2 0 0 0 0 4 0 0 0 0 0 0 0]
 [0 0 0 0 0 0 0 5 0 0 0 0 0 0 0 1 0]
 [0 0 0 0 0 0 0 0 0 1 0 1 0 0 0 0 0]
 [0 0 1 0 0 0 0 0 0 0 0 0 0 0 0 3 0]
 [0 0 0 2 0 0 0 0 0 0 0 0 0 2 0 0 1]
 [0 0 0 0 2 0 0 0 0 0 0 0 0 0 4 0 0]
 [0 0 0 0 0 0 0 0 0 0 0 0 5 0 0 0 0]
 [0 0 0 0 0 0 0 0 0 0 0 1 0 0 0 0 3]]
13600   40.2    82
[[8 0 0 0 0 0 0 0 0 0 0 0 0 0 0 0 0]
 [0 0 0 0 0 0 0 0 0 0 0 0 0 0 0 0 0]
 [0 0 0 0 0 5 0 1 0 0 0 0 0 0 0 0 0]
 [0 0 0 3 0 0 0 0 1 0 0 0 0 0 0 0 0]
 [0 0 0 0 3 0 0 0 0 2 0 0 0 0 0 0 0]
 [0 0 5 0 0 0 0 0 0 0 0 0 0 0 0 1 0]
 [0 0 0 0 0 0 1 0 0 0 0 3 0 0 0 0 0]
 [0 0 0 0 0 2 0 1 0 0 3 0 0 0 0 0 0]
 [0 0 0 1 0 0 0 0 3 0 0 0 0 1 0 0 0]
 [0 0 0 0 2 0 0 0 0 4 0 0 0 0 0 0 0]
 [0 0 0 0 0 1 0 5 0 0 0 0 0 0 0 0 0]
 [0 0 0 0 0 0 0 1 0 0 0 1 0 0 0 0 0]
 [0 0 1 0 0 0 0 0 0 0 0 0 0 0 0 3 0]
 [0 0 0 2 0 0 0 0 0 0 0 0 0 3 0 0 0]
 [0 0 0 0 2 0 0 0 0 0 0 0 0 0 4 0 0]
 [0 0 0 0 0 0 0 0 0 0 0 0 5 0 0 0 0]
 [0 0 0 0 0 0 0 0 0 0 0 1 0 0 0 0 3]]
14000   41.5    82
[[8 0 0 0 0 0 0 0 0 0 0 0 0 0 0 0 0]
 [0 0 0 0 0 0 0 0 0 0 0 0 0 0 0 0 0]
 [0 0 1 0 0 4 0 1 0 0 0 0 0 0 0 0 0]
 [0 0 0 3 0 0 0 0 1 0 0 0 0 0 0 0 0]
 [0 0 0 0 3 0 0 0 0 2 0 0 0 0 0 0 0]
 [0 0 5 0 0 0 0 0 0 0 0 0 0 0 0 1 0]
 [0 0 0 0 0 0 1 0 0 0 0 3 0 0 0 0 0]
 [0 0 1 0 0 1 0 1 0 0 3 0 0 0 0 0 0]
 [0 0 0 2 0 0 0 0 3 0 0 0 0 0 0 0 0]
 [0 0 0 0 2 0 0 0 0 4 0 0 0 0 0 0 0]
 [0 0 0 0 0 1 0 5 0 0 0 0 0 0 0 0 0]
 [0 0 0 0 0 0 0 0 0 1 0 1 0 0 0 0 0]
 [0 0 1 0 0 0 0 0 0 0 0 0 0 0 0 3 0]
 [0 0 0 2 0 0 0 0 0 0 0 0 0 3 0 0 0]
 [0 0 0 0 2 0 0 0 0 0 0 0 0 0 4 0 0]
 [0 0 0 0 0 0 0 0 0 0 0 0 5 0 0 0 0]
 [0 0 0 0 0 0 0 0 0 0 0 1 0 0 0 0 3]]
14400   42.7    82
[[8 0 0 0 0 0 0 0 0 0 0 0 0 0 0 0 0]
 [0 0 0 0 0 0 0 0 0 0 0 0 0 0 0 0 0]
 [0 0 1 0 0 4 0 1 0 0 0 0 0 0 0 0 0]
 [0 0 0 3 0 0 0 0 1 0 0 0 0 0 0 0 0]
 [0 0 0 0 3 0 0 0 0 2 0 0 0 0 0 0 0]
 [0 0 5 0 0 0 0 0 0 0 0 0 0 0 0 1 0]
 [0 0 0 0 0 0 1 0 0 0 0 3 0 0 0 0 0]
 [0 0 0 0 0 1 0 1 0 0 4 0 0 0 0 0 0]
 [0 0 0 3 0 0 0 0 1 0 0 0 0 1 0 0 0]
 [0 0 0 0 2 0 0 0 0 4 0 0 0 0 0 0 0]
 [0 0 0 0 0 1 0 5 0 0 0 0 0 0 0 0 0]
 [0 0 0 0 0 0 0 0 0 1 0 1 0 0 0 0 0]
 [0 0 1 0 0 0 0 0 0 0 0 0 0 0 0 3 0]
 [0 0 0 2 0 0 0 0 0 0 0 0 0 3 0 0 0]
 [0 0 0 0 2 0 0 0 0 0 0 0 0 0 4 0 0]
 [0 0 0 0 0 0 0 0 0 0 0 0 5 0 0 0 0]
 [0 0 0 0 0 0 0 0 0 0 0 1 0 0 0 0 3]]
14800   40.2    82
[[8 0 0 0 0 0 0 0 0 0 0 0 0 0 0 0 0]
 [0 0 0 0 0 0 0 0 0 0 0 0 0 0 0 0 0]
 [0 0 1 0 0 4 0 1 0 0 0 0 0 0 0 0 0]
 [0 0 0 3 0 0 0 0 1 0 0 0 0 0 0 0 0]
 [0 0 0 0 3 0 0 0 0 2 0 0 0 0 0 0 0]
 [0 0 5 0 0 0 0 0 0 0 0 0 0 0 0 1 0]
 [0 0 0 0 0 0 1 0 0 0 0 3 0 0 0 0 0]
 [0 0 0 0 0 1 0 0 0 0 5 0 0 0 0 0 0]
 [0 0 0 2 0 0 0 0 3 0 0 0 0 0 0 0 0]
 [0 0 0 0 2 0 0 0 0 4 0 0 0 0 0 0 0]
 [0 0 0 0 0 1 0 5 0 0 0 0 0 0 0 0 0]
 [0 0 0 0 0 0 0 0 0 1 0 1 0 0 0 0 0]
 [0 0 1 0 0 0 0 0 0 0 0 0 0 0 0 3 0]
 [0 0 0 2 0 0 0 0 0 0 0 0 0 2 0 0 1]
 [0 0 0 0 2 0 0 0 0 0 0 0 0 0 4 0 0]
 [0 0 0 0 0 0 0 0 0 0 0 0 5 0 0 0 0]
 [0 0 0 0 0 0 0 0 0 0 0 1 0 0 0 0 3]]
15200   40.2    82
[[8 0 0 0 0 0 0 0 0 0 0 0 0 0 0 0 0]
 [0 0 0 0 0 0 0 0 0 0 0 0 0 0 0 0 0]
 [0 0 0 0 0 5 0 1 0 0 0 0 0 0 0 0 0]
 [0 0 0 3 0 0 0 0 1 0 0 0 0 0 0 0 0]
 [0 0 0 0 3 0 0 0 0 2 0 0 0 0 0 0 0]
 [0 0 5 0 0 0 0 0 0 0 0 0 0 0 0 1 0]
 [0 0 0 0 0 0 1 0 0 0 0 3 0 0 0 0 0]
 [0 0 0 0 0 1 0 0 0 0 5 0 0 0 0 0 0]
 [0 0 0 2 0 0 0 0 2 0 0 0 0 1 0 0 0]
 [0 0 0 0 2 0 0 0 0 4 0 0 0 0 0 0 0]
 [0 0 0 0 0 1 0 5 0 0 0 0 0 0 0 0 0]
 [0 0 0 0 0 0 0 0 0 1 0 1 0 0 0 0 0]
 [0 0 1 0 0 0 0 0 0 0 0 0 0 0 0 3 0]
 [0 0 0 2 0 0 0 0 0 0 0 0 0 2 0 0 1]
 [0 0 0 0 2 0 0 0 0 0 0 0 0 0 4 0 0]
 [0 0 0 0 0 0 0 0 0 0 0 0 5 0 0 0 0]
 [0 0 0 0 0 0 0 0 0 0 0 1 0 0 0 0 3]]
15600   37.8    82
[[8 0 0 0 0 0 0 0 0 0 0 0 0 0 0 0 0]
 [0 0 0 0 0 0 0 0 0 0 0 0 0 0 0 0 0]
 [0 0 1 0 0 4 0 1 0 0 0 0 0 0 0 0 0]
 [0 0 0 3 0 0 0 0 1 0 0 0 0 0 0 0 0]
 [0 0 0 0 3 0 0 0 0 2 0 0 0 0 0 0 0]
 [0 0 5 0 0 0 0 0 0 0 0 0 0 0 0 1 0]
 [0 0 0 0 0 0 1 0 0 0 0 3 0 0 0 0 0]
 [0 0 0 0 0 1 0 0 0 0 5 0 0 0 0 0 0]
 [0 0 0 2 0 0 0 0 2 0 0 0 0 1 0 0 0]
 [0 0 0 0 2 0 0 0 0 4 0 0 0 0 0 0 0]
 [0 0 0 0 0 1 0 5 0 0 0 0 0 0 0 0 0]
 [0 0 0 0 0 0 0 0 0 1 0 1 0 0 0 0 0]
 [0 0 1 0 0 0 0 0 0 0 0 0 1 0 0 2 0]
 [0 0 0 2 0 0 0 0 0 0 0 0 0 3 0 0 0]
 [0 0 0 0 2 0 0 0 0 0 0 0 0 0 4 0 0]
 [0 0 0 0 0 0 0 0 0 0 0 0 5 0 0 0 0]
 [0 0 0 0 0 0 0 0 0 0 0 1 0 0 0 0 3]]
16000   41.5    82
[[8 0 0 0 0 0 0 0 0 0 0 0 0 0 0 0 0]
 [0 0 0 0 0 0 0 0 0 0 0 0 0 0 0 0 0]
 [0 0 0 0 0 5 0 1 0 0 0 0 0 0 0 0 0]
 [0 0 0 3 0 0 0 0 1 0 0 0 0 0 0 0 0]
 [0 0 0 0 3 0 0 0 0 2 0 0 0 0 0 0 0]
 [0 0 5 0 0 0 0 0 0 0 0 0 0 0 0 1 0]
 [0 0 0 0 0 0 1 0 0 0 0 3 0 0 0 0 0]
 [0 0 0 0 0 1 0 0 0 0 5 0 0 0 0 0 0]
 [0 0 0 2 0 0 0 0 2 0 0 0 0 1 0 0 0]
 [0 0 0 0 2 0 0 0 0 4 0 0 0 0 0 0 0]
 [0 0 0 0 0 1 0 5 0 0 0 0 0 0 0 0 0]
 [0 0 0 0 0 0 0 0 0 1 0 1 0 0 0 0 0]
 [0 0 1 0 0 0 0 0 0 0 0 0 1 0 0 2 0]
 [0 0 0 2 0 0 0 0 0 0 0 0 0 3 0 0 0]
 [0 0 0 0 2 0 0 0 0 0 0 0 0 0 4 0 0]
 [0 0 0 0 0 0 0 0 0 0 0 0 5 0 0 0 0]
 [0 0 0 0 0 0 0 0 0 0 0 1 0 0 0 0 3]]
16400   40.2    82
[[8 0 0 0 0 0 0 0 0 0 0 0 0 0 0 0 0]
 [0 0 0 0 0 0 0 0 0 0 0 0 0 0 0 0 0]
 [0 0 1 0 0 4 0 1 0 0 0 0 0 0 0 0 0]
 [0 0 0 3 0 0 0 0 1 0 0 0 0 0 0 0 0]
 [0 0 0 0 3 0 0 0 0 2 0 0 0 0 0 0 0]
 [0 0 5 0 0 0 0 0 0 0 0 0 0 0 0 1 0]
 [0 0 0 0 0 0 1 0 0 0 0 3 0 0 0 0 0]
 [0 0 1 0 0 1 0 0 0 0 4 0 0 0 0 0 0]
 [0 0 0 1 0 0 0 0 4 0 0 0 0 0 0 0 0]
 [0 0 0 0 2 0 0 0 0 4 0 0 0 0 0 0 0]
 [0 0 0 0 0 1 0 5 0 0 0 0 0 0 0 0 0]
 [0 0 0 0 0 0 0 0 0 1 0 1 0 0 0 0 0]
 [0 0 1 0 0 0 0 0 0 0 0 0 0 0 0 3 0]
 [0 0 0 2 0 0 0 0 0 0 0 0 0 3 0 0 0]
 [0 0 0 0 2 0 0 0 0 0 0 0 0 0 4 0 0]
 [0 0 0 0 0 0 0 0 0 0 0 0 5 0 0 0 0]
 [0 0 0 0 0 0 0 0 0 0 0 1 0 0 0 0 3]]
16800   42.7    82
[[8 0 0 0 0 0 0 0 0 0 0 0 0 0 0 0 0]
 [0 0 0 0 0 0 0 0 0 0 0 0 0 0 0 0 0]
 [0 0 1 0 0 4 0 1 0 0 0 0 0 0 0 0 0]
 [0 0 0 3 0 0 0 0 1 0 0 0 0 0 0 0 0]
 [0 0 0 0 3 0 0 0 0 2 0 0 0 0 0 0 0]
 [0 0 5 0 0 0 0 0 0 0 0 0 0 0 0 1 0]
 [0 0 0 0 0 0 1 0 0 0 0 3 0 0 0 0 0]
 [0 0 0 0 0 1 0 0 0 0 5 0 0 0 0 0 0]
 [0 0 0 2 0 0 0 0 3 0 0 0 0 0 0 0 0]
 [0 0 0 0 2 0 0 0 0 4 0 0 0 0 0 0 0]
 [0 0 0 0 0 1 0 5 0 0 0 0 0 0 0 0 0]
 [0 0 0 0 0 0 0 0 0 1 0 1 0 0 0 0 0]
 [0 0 1 0 0 0 0 0 0 0 0 0 0 0 0 3 0]
 [0 0 0 2 0 0 0 0 0 0 0 0 0 3 0 0 0]
 [0 0 0 0 2 0 0 0 0 0 0 0 0 0 4 0 0]
 [0 0 0 0 0 0 0 0 0 0 0 0 5 0 0 0 0]
 [0 0 0 0 0 0 0 0 0 0 0 1 0 0 0 0 3]]
17200   41.5    82
[[8 0 0 0 0 0 0 0 0 0 0 0 0 0 0 0 0]
 [0 0 0 0 0 0 0 0 0 0 0 0 0 0 0 0 0]
 [0 0 0 0 0 5 0 1 0 0 0 0 0 0 0 0 0]
 [0 0 0 3 0 0 0 0 1 0 0 0 0 0 0 0 0]
 [0 0 0 0 3 0 0 0 0 2 0 0 0 0 0 0 0]
 [0 0 4 0 0 0 0 1 0 0 0 0 0 0 0 1 0]
 [0 0 0 0 0 0 1 0 0 0 0 3 0 0 0 0 0]
 [0 0 0 0 0 1 0 0 0 0 5 0 0 0 0 0 0]
 [0 0 0 2 0 0 0 0 3 0 0 0 0 0 0 0 0]
 [0 0 0 0 2 0 0 0 0 4 0 0 0 0 0 0 0]
 [0 0 0 0 0 1 0 5 0 0 0 0 0 0 0 0 0]
 [0 0 0 0 0 0 0 0 0 1 0 1 0 0 0 0 0]
 [0 0 1 0 0 0 0 0 0 0 0 0 0 0 0 3 0]
 [0 0 0 2 0 0 0 0 0 0 0 0 0 2 0 0 1]
 [0 0 0 0 2 0 0 0 0 0 0 0 0 0 4 0 0]
 [0 0 0 0 0 0 0 0 0 0 0 0 5 0 0 0 0]
 [0 0 0 0 0 0 0 0 0 0 0 1 0 0 0 0 3]]
17600   39.0    82
[[8 0 0 0 0 0 0 0 0 0 0 0 0 0 0 0 0]
 [0 0 0 0 0 0 0 0 0 0 0 0 0 0 0 0 0]
 [0 0 0 0 0 5 0 1 0 0 0 0 0 0 0 0 0]
 [0 0 0 3 0 0 0 0 1 0 0 0 0 0 0 0 0]
 [0 0 0 0 3 0 0 0 0 2 0 0 0 0 0 0 0]
 [0 0 5 0 0 0 0 0 0 0 0 0 0 0 0 1 0]
 [0 0 0 0 0 0 1 0 0 0 0 3 0 0 0 0 0]
 [0 0 0 0 0 1 0 0 0 0 5 0 0 0 0 0 0]
 [0 0 0 3 0 0 0 0 2 0 0 0 0 0 0 0 0]
 [0 0 0 0 2 0 0 0 0 4 0 0 0 0 0 0 0]
 [0 0 0 0 0 1 0 5 0 0 0 0 0 0 0 0 0]
 [0 0 0 0 0 0 0 0 0 1 0 1 0 0 0 0 0]
 [0 0 1 0 0 0 0 0 0 0 0 0 0 0 0 3 0]
 [0 0 0 2 0 0 0 0 0 0 0 0 0 3 0 0 0]
 [0 0 0 0 2 0 0 0 0 0 0 0 0 0 4 0 0]
 [0 0 0 0 0 0 0 0 0 0 0 0 5 0 0 0 0]
 [0 0 0 0 0 0 0 0 0 0 0 1 0 0 0 0 3]]
18000   39.0    82
[[8 0 0 0 0 0 0 0 0 0 0 0 0 0 0 0 0]
 [0 0 0 0 0 0 0 0 0 0 0 0 0 0 0 0 0]
 [0 0 1 0 0 1 0 0 0 0 0 0 0 0 0 1 0]
 [0 0 0 4 0 0 0 0 1 0 0 0 0 1 0 0 0]
 [0 0 0 0 3 0 0 0 0 1 0 0 0 0 0 0 0]
 [0 0 4 0 0 0 0 1 0 0 0 0 0 0 0 0 0]
 [0 0 0 0 0 0 4 0 0 0 0 0 0 0 0 0 0]
 [0 0 0 0 0 0 0 1 0 0 5 0 0 0 0 0 0]
 [0 0 0 1 0 0 0 0 3 0 0 0 0 0 0 0 0]
 [0 0 0 0 3 0 0 0 0 1 0 0 0 0 0 0 0]
 [0 0 0 0 0 0 0 5 0 0 1 0 0 0 0 0 0]
 [0 0 0 0 0 0 1 0 0 0 0 3 0 0 0 0 0]
 [0 0 0 0 0 0 0 0 0 0 0 0 0 0 0 7 0]
 [0 0 0 1 0 0 0 0 0 0 0 0 0 3 0 1 0]
 [0 0 0 0 0 0 0 0 0 0 0 0 0 0 5 0 0]
 [0 0 0 0 0 0 0 0 0 0 0 0 2 0 0 1 0]
 [0 0 0 0 1 0 0 0 0 0 0 0 0 0 0 1 5]]
53.1 81
