[[3 0 0 0 0 0 0]
 [0 0 0 0 0 0 0]
 [0 0 0 0 0 4 0]
 [0 0 0 6 0 0 0]
 [0 0 0 0 7 0 0]
 [0 0 2 0 0 3 0]
 [0 0 1 0 0 0 4]]
16000   76.7    30
[[3 0 0 0 0 0 0]
 [0 0 0 0 0 0 0]
 [0 0 0 0 0 4 0]
 [0 0 0 6 0 0 0]
 [0 0 0 0 7 0 0]
 [0 0 2 0 0 3 0]
 [0 0 1 0 0 0 4]]
16400   76.7    30
[[3 0 0 0 0 0 0]
 [0 0 0 0 0 0 0]
 [0 0 0 0 0 4 0]
 [0 0 0 6 0 0 0]
 [0 0 0 0 7 0 0]
 [0 0 2 0 0 3 0]
 [0 0 1 0 0 0 4]]
16800   76.7    30
[[3 0 0 0 0 0 0]
 [0 0 0 0 0 0 0]
 [0 0 0 0 0 4 0]
 [0 0 0 6 0 0 0]
 [0 0 0 0 7 0 0]
 [0 0 2 0 0 3 0]
 [0 0 1 0 0 0 4]]
17200   76.7    30
[[3 0 0 0 0 0 0]
 [0 0 0 0 0 0 0]
 [0 0 0 0 0 4 0]
 [0 0 0 6 0 0 0]
 [0 0 0 0 7 0 0]
 [0 0 2 0 0 3 0]
 [0 0 1 0 0 0 4]]
17600   76.7    30
[[3 0 0 0 0 0 0]
 [0 0 0 0 0 0 0]
 [0 0 0 0 0 4 0]
 [0 0 0 6 0 0 0]
 [0 0 0 0 7 0 0]
 [0 0 2 0 0 3 0]
 [0 0 1 0 0 0 4]]
18000   76.7    30
[[3 0 0 0 0 0 0]
 [0 0 0 0 0 0 0]
 [0 0 0 0 0 5 0]
 [0 0 0 4 0 0 0]
 [0 0 0 0 4 0 0]
 [0 0 1 0 0 3 0]
 [0 0 0 2 0 0 2]]
66.7 24
